
He 650	BCA-2-1-Wuhan	2025-10-14T09:44:21	time_sec	5 amu	5 amu	5 amu	5 amu	5 amu	5 amu
2.006	1.413143E-14	1.406090E-14	1.548774E-14	9.093632E-15	8.178677E-15	6.379752E-15
10.117	2.930277E-15	6.593930E-14	3.196299E-14	1.230102E-14	6.249761E-15	3.978118E-15
18.231	1.957683E-14	1.599964E-14	1.552200E-14	1.404679E-14	4.106185E-17	9.427043E-15
26.356	1.416448E-13	2.391179E-14	1.849359E-14	2.279329E-15	9.920920E-15	6.749060E-15
34.468	2.946400E-14	1.696497E-14	4.498600E-14	2.751921E-14	4.160883E-15	2.099081E-15
42.573	2.076184E-14	6.537701E-15	2.091903E-14	1.097796E-14	1.552654E-14	1.827141E-15
50.684	5.845238E-14	3.607626E-14	5.552208E-15	7.617410E-15	1.270761E-14	4.819008E-15
58.794	1.165259E-14	2.962545E-16	1.860847E-14	8.847261E-16	1.157298E-15	7.000845E-15
66.802	2.887955E-14	8.504657E-15	1.126262E-14	6.718579E-15	6.857381E-15	8.459061E-15
74.920	2.614678E-14	6.650524E-17	2.412138E-14	3.365560E-16	8.980272E-15	1.383858E-14
83.026	6.698928E-15	1.766228E-14	1.925640E-15	1.557339E-14	8.917781E-17	2.894503E-15
91.136	4.022984E-14	3.868208E-14	5.763829E-16	1.517638E-14	3.441180E-16	1.027184E-14
99.245	1.449419E-14	1.027209E-14	8.486517E-15	1.497886E-15	1.298622E-14	9.002186E-15
107.350	1.314795E-14	3.692069E-14	1.339483E-14	1.096385E-14	9.851898E-15	4.631208E-15
115.361	3.998401E-15	1.356714E-14	7.606830E-15	1.592104E-14	1.138403E-15	9.848620E-16
123.468	4.501824E-14	1.360342E-14	3.588279E-15	7.215857E-15	5.065762E-15	3.775704E-15
131.579	2.729551E-14	1.264211E-14	1.963527E-14	8.581237E-15	5.733588E-15	4.774798E-15
139.695	3.981468E-14	2.317619E-14	1.466448E-14	4.497692E-15	7.705076E-15	1.214986E-15
147.805	2.122133E-14	1.923826E-14	1.202139E-14	6.913559E-15	8.696103E-16	4.569994E-15
155.914	7.561487E-15	2.964336E-14	1.020156E-14	1.154628E-14	8.833403E-15	1.142863E-14
164.025	2.544947E-14	3.060668E-14	1.019450E-14	1.472998E-14	1.143115E-14	6.249008E-15
172.136	3.162443E-14	1.682793E-15	5.566318E-15	7.244072E-15	9.923947E-15	8.677849E-15
180.247	2.450228E-14	2.994766E-15	2.158408E-15	1.220982E-14	3.028013E-16	1.624600E-15
188.259	2.667882E-14	2.050186E-14	1.893999E-14	1.247989E-15	5.857279E-15	6.947944E-15
196.371	1.880295E-14	2.023785E-14	1.234183E-14	9.359154E-15	8.617262E-15	9.439255E-16
204.474	3.417179E-14	5.368816E-15	1.794442E-14	2.261191E-15	2.893749E-15	6.526365E-15
212.579	1.798876E-14	2.701538E-14	4.631206E-15	3.286484E-15	2.484638E-15	6.667942E-15
220.689	2.061270E-14	6.221297E-15	2.332029E-14	5.370830E-15	2.588178E-15	8.582620E-15
228.798	3.364377E-14	1.565905E-15	8.348468E-15	1.235392E-15	8.844992E-15	1.048597E-14
236.902	3.802508E-14	3.732374E-15	1.474106E-14	9.724430E-15	1.736275E-14	4.832997E-16
245.008	2.694081E-14	4.820648E-15	8.452257E-15	1.407349E-14	1.100466E-14	1.216913E-14
253.014	1.114875E-14	1.380495E-14	4.100876E-14	1.078751E-14	4.826682E-16	8.575186E-15
261.119	7.539316E-14	1.404880E-14	1.361349E-15	7.532767E-15	2.681132E-15	8.502240E-17
269.225	5.816217E-15	4.433705E-16	3.522782E-15	1.337518E-14	3.758561E-16	1.423761E-14
277.337	8.823076E-15	1.215239E-14	2.696600E-14	4.565206E-15	8.637417E-15	8.927241E-15
285.447	3.619920E-14	1.419592E-14	2.521872E-14	5.096746E-15	6.179229E-15	1.193184E-14
293.555	3.732374E-15	3.339386E-15	7.896029E-15	1.003076E-14	6.975280E-15	7.216738E-15
301.656	1.072151E-14	2.087874E-15	5.544148E-15	1.783156E-14	3.749504E-15	3.938567E-15
309.759	4.121332E-14	5.069540E-14	6.675753E-15	4.671010E-15	4.542029E-15	7.648646E-15
317.871	1.330515E-14	8.780754E-15	1.562176E-14	5.607630E-15	3.540417E-15	1.219622E-14
325.978	4.121735E-14	2.546762E-14	2.378076E-16	2.099814E-14	6.833198E-15	6.508733E-15
334.088	4.723510E-14	2.341803E-15	1.294945E-14	4.049788E-15	8.293053E-16	1.073939E-14
342.201	2.664253E-15	1.637045E-14	1.268947E-14	3.036079E-15	1.436169E-15	4.983385E-15
350.316	3.627497E-17	4.917385E-15	1.875256E-14	4.539508E-16	1.309959E-14	8.841719E-15
358.334	5.788003E-15	2.424431E-15	6.131614E-15	7.290425E-15	4.697966E-15	1.431583E-14
366.449	9.717879E-15	1.607621E-14	2.486906E-15	1.043685E-14	5.244855E-16	6.261226E-15
374.559	3.837171E-14	1.160827E-15	1.738013E-14	1.153469E-14	2.162238E-14	9.899885E-15
382.675	1.304316E-14	2.400246E-15	9.690673E-15	5.857531E-15	5.772383E-15	5.713432E-15
390.792	1.213223E-14	2.041520E-15	1.405687E-14	1.010684E-15	1.405787E-14	8.711854E-15
398.898	3.211213E-14	2.913348E-14	4.280541E-15	2.399743E-15	5.382669E-15	7.150487E-15
407.010	4.362365E-14	1.539708E-15	9.665479E-15	8.469890E-15	4.268449E-15	4.184308E-16
415.018	5.583246E-14	1.070337E-14	1.880295E-14	1.186420E-14	2.721944E-15	1.400446E-14
423.135	4.529233E-14	1.760182E-14	1.040409E-14	2.300994E-15	1.084497E-15	1.312465E-14
431.245	1.672713E-15	2.965545E-14	2.006454E-14	2.708592E-15	7.751428E-15	5.752611E-15
439.351	1.328500E-14	3.119715E-15	1.805828E-14	1.378278E-14	1.127321E-15	1.297842E-14
447.462	2.652162E-14	3.095532E-15	1.306331E-14	8.915278E-15	4.696705E-15	3.476933E-15
455.576	6.027019E-14	2.848455E-14	1.691257E-14	1.017536E-14	1.659240E-14	6.276592E-15
463.681	3.374857E-14	6.467169E-15	2.857322E-14	3.568630E-15	1.438057E-14	6.611513E-15
471.789	5.787599E-14	6.658620E-15	2.162641E-14	4.452852E-15	6.066118E-15	4.865488E-15
479.798	6.440966E-15	8.972208E-15	6.735205E-15	2.099461E-15	1.001111E-14	1.282311E-14
487.913	3.306336E-14	3.076993E-14	1.108427E-14	5.872141E-15	9.009493E-15	1.351525E-15
496.018	6.307553E-14	2.946803E-14	4.375263E-15	1.285825E-14	3.672418E-15	4.149924E-15
504.131	3.510689E-15	5.729558E-15	3.687031E-15	9.885151E-16	1.080741E-14	4.403604E-15
512.235	1.019349E-14	1.536279E-14	2.316612E-15	1.325376E-14	1.705616E-14	9.238988E-15
520.351	1.435311E-14	8.635650E-15	2.327696E-14	7.104034E-16	2.368757E-15	1.038571E-14
528.466	4.102790E-14	1.524591E-14	7.073778E-15	2.977485E-14	8.549245E-15	3.424410E-15
536.572	3.185819E-14	1.338980E-14	2.623945E-15	2.934308E-15	1.310211E-14	2.623445E-15
544.584	6.904490E-15	1.680174E-14	7.422428E-15	6.139172E-15	1.602836E-14	4.408640E-15
552.690	6.426860E-14	2.422013E-14	9.080031E-15	2.249954E-14	2.625712E-15	6.093575E-15
560.803	1.736804E-14	4.016536E-15	1.889364E-15	3.593821E-15	5.153176E-15	4.377909E-15
568.912	2.757765E-14	2.215443E-14	1.608730E-14	7.268255E-15	8.997403E-15	7.712133E-15
577.024	7.257977E-14	1.085250E-14	2.693478E-15	6.855620E-15	1.521089E-14	2.713630E-15
585.132	6.485304E-15	4.607427E-14	5.704366E-15	3.088933E-14	5.800849E-15	5.280646E-15
593.346	2.829914E-14	5.787599E-14	1.518645E-14	2.800289E-14	1.012145E-14	5.192602E-15
601.258	2.924231E-14	2.455669E-14	1.612559E-14	3.431591E-15	1.631553E-14	1.240430E-14
609.364	2.573162E-14	3.331930E-14	1.738213E-15	1.173874E-14	1.090541E-15	3.118206E-15
617.469	1.156794E-14	2.227938E-14	1.720178E-14	1.808247E-15	9.635753E-15	1.112948E-14
625.575	3.443378E-14	7.559472E-15	1.554619E-14	1.339634E-14	1.095504E-14	1.027474E-14
633.683	9.427673E-15	2.317821E-14	1.529024E-14	6.233891E-15	9.234702E-15	1.333009E-14
641.794	3.194284E-14	1.063888E-14	6.735203E-15	1.347242E-14	2.743104E-15	5.022558E-15
649.910	7.597761E-15	5.459506E-15	1.884023E-14	1.309253E-14	6.706232E-15	5.321707E-15
658.020	8.016947E-15	2.055023E-14	2.027412E-15	2.137247E-15	1.383845E-14	2.602536E-15
666.026	4.106418E-14	7.299494E-15	3.998397E-15	2.181938E-14	2.765524E-15	7.953593E-15
674.133	6.057653E-14	4.258373E-15	8.021985E-15	5.702854E-15	3.269858E-15	6.397512E-15
682.241	1.074972E-14	1.850065E-14	3.054723E-14	1.789103E-15	3.222247E-15	1.374008E-14
690.344	8.911750E-15	5.392999E-15	3.395514E-14	1.027109E-14	9.183568E-15	7.679003E-15
698.450	8.121744E-15	5.659022E-15	7.548384E-15	1.337871E-14	4.456632E-15	1.549693E-14
706.552	3.033462E-14	4.294649E-15	2.032855E-14	9.338997E-15	7.119125E-16	9.243398E-15
714.661	2.273685E-14	1.484486E-14	1.537992E-14	2.159517E-14	6.034123E-15	6.695017E-15
722.771	2.279329E-14	2.672316E-15	4.413532E-16	8.755562E-15	1.121274E-14	4.597957E-15
730.887	2.567116E-14	3.766837E-14	1.083437E-14	6.681797E-15	4.016282E-15	6.742382E-15
739.001	4.933909E-14	5.147533E-14	3.988321E-15	2.802304E-15	1.471084E-14	2.346593E-16
747.014	2.132210E-15	4.246483E-14	1.584044E-15	1.308145E-14	2.213075E-15	1.621579E-15
755.119	1.970984E-15	1.673523E-14	1.796961E-14	1.099307E-14	4.660934E-15	9.518866E-15
763.226	1.328500E-14	5.483891E-14	1.894704E-14	8.965659E-15	1.522825E-15	1.631642E-14
771.334	4.365992E-14	4.258372E-15	1.423522E-14	1.367900E-15	4.838029E-15	1.194947E-14
779.446	1.712217E-14	1.616288E-15	5.801102E-15	1.780688E-14	8.457294E-15	3.472400E-15
787.556	3.711013E-14	5.459506E-15	1.020760E-15	2.494465E-15	5.872393E-15	2.916800E-15
795.663	5.079013E-14	1.622334E-15	1.995471E-14	1.722095E-15	4.593924E-15	1.151152E-14
803.778	2.444988E-14	4.391587E-14	2.305023E-14	1.295852E-15	8.783019E-15	1.069859E-14
811.887	9.516349E-15	2.339789E-15	3.817021E-15	1.044087E-14	7.852445E-15	8.164823E-15
819.894	9.282568E-15	3.063289E-16	1.184404E-14	1.529125E-14	1.133845E-14	1.096813E-14
828.012	4.952854E-14	1.347444E-14	2.337571E-14	3.948518E-15	7.863280E-15	5.924162E-15
836.121	3.833140E-15	7.093928E-16	7.195704E-15	8.250221E-15	1.487810E-15	2.638939E-15
844.233	2.459095E-14	2.152363E-15	2.263205E-15	1.732673E-15	1.244309E-14	3.362313E-15
852.342	1.335352E-14	1.914353E-14	2.189644E-15	7.541330E-15	8.436640E-16	2.677481E-15
860.446	2.779128E-14	3.924435E-14	2.261191E-14	9.687143E-15	6.798688E-15	9.067810E-15
868.551	5.832341E-15	2.698716E-14	6.484295E-15	1.190752E-14	1.127849E-14	7.659481E-15
876.568	4.811377E-14	8.407918E-15	2.039908E-14	1.310866E-14	1.176897E-14	6.831437E-15
884.771	4.796471E-16	3.812585E-14	1.862560E-14	1.113464E-16	9.451854E-15	1.256213E-14
892.782	4.301502E-14	1.693676E-14	1.864188E-16	2.066762E-14	1.086560E-14	3.777972E-15
900.894	7.767450E-14	2.386543E-14	2.357825E-14	1.324671E-14	1.176293E-14	9.726443E-15
909.001	1.259979E-14	1.907502E-14	7.444597E-15	5.004545E-15	4.372241E-15	4.942578E-15
917.109	4.059260E-14	3.521572E-14	1.992548E-14	1.657299E-14	1.078071E-14	6.735329E-15
925.219	2.539305E-15	8.000825E-15	4.121331E-16	1.901758E-14	2.704562E-15	7.489183E-15
933.232	2.614274E-14	8.482488E-15	5.442375E-15	2.772376E-14	6.788359E-15	1.243528E-14
941.451	7.255162E-16	1.446396E-14	3.637643E-16	2.247234E-14	1.121577E-14	8.154994E-15
949.464	1.928259E-14	4.435723E-15	5.904890E-15	4.690156E-15	4.465448E-15	9.716747E-15
957.569	5.400658E-14	4.903278E-15	2.197406E-14	4.126873E-15	6.948323E-15	1.248241E-15
965.677	1.765421E-14	2.319836E-14	9.248308E-15	1.659163E-14	4.797724E-15	1.188712E-14
973.687	3.164054E-14	2.191259E-14	1.223098E-14	5.619724E-15	1.244965E-15	1.359044E-14
981.793	3.661436E-14	1.529629E-14	1.668988E-14	2.129690E-15	1.062477E-14	3.581980E-15
989.998	1.482067E-14	1.689444E-14	9.723923E-16	1.234888E-14	9.586883E-15	9.492036E-15
998.108	1.475215E-14	1.572354E-14	7.263219E-15	2.597800E-14	1.480255E-15	8.297711E-15
1006.222	4.682800E-14	6.797678E-15	5.142091E-15	5.204566E-15	1.255470E-14	2.951690E-15
1014.330	4.450635E-14	4.157610E-15	1.689544E-14	1.303711E-14	6.582542E-15	6.302413E-15
1022.341	8.000824E-15	2.760386E-14	3.015928E-15	1.824369E-14	1.078199E-15	1.128404E-14
1030.449	6.091912E-14	2.841603E-15	1.453048E-15	3.635135E-15	1.281493E-15	9.775066E-15
1038.552	4.383324E-14	2.325681E-14	1.070337E-14	3.107625E-15	8.705180E-15	3.964260E-15
1046.662	5.580828E-14	9.246292E-15	1.057237E-14	4.097653E-15	1.634904E-14	8.555291E-15
1054.772	4.054826E-15	1.373038E-14	5.273088E-15	1.641630E-14	3.379694E-15	9.935535E-15
1062.881	6.187842E-14	1.431885E-14	1.838275E-14	1.204910E-14	1.210050E-14	8.844991E-15
1071.001	2.894404E-14	2.639063E-14	3.342411E-15	3.849264E-15	1.923927E-14	7.856476E-15
1079.112	4.003234E-14	9.230159E-16	1.517436E-14	2.411684E-14	1.003479E-14	9.933645E-15
1087.123	4.122137E-14	1.809557E-14	9.874066E-15	3.444687E-15	1.702947E-15	8.668523E-15
1095.238	5.891993E-14	1.599762E-14	2.605104E-14	1.074569E-14	1.170927E-14	6.405068E-15
1103.345	1.841197E-14	1.235190E-14	1.371426E-15	1.571245E-14	5.535834E-15	4.701115E-15
1111.456	3.647328E-14	1.283961E-14	4.436730E-15	1.922969E-14	5.847454E-15	8.181322E-15
1119.561	1.177754E-14	3.914157E-14	6.691873E-15	3.860850E-15	8.157012E-15	1.168798E-14
1127.670	1.434909E-14	6.727142E-15	2.212520E-14	8.609956E-15	7.303020E-15	4.642292E-15
1135.782	3.328504E-14	1.385735E-14	1.334042E-14	1.940249E-15	2.365230E-15	1.180411E-14
1143.893	3.402668E-14	2.186624E-14	1.160926E-14	5.334050E-15	2.826237E-15	6.962554E-15
1151.904	7.202759E-15	4.551401E-14	5.842416E-15	2.200729E-15	2.013557E-15	7.235002E-15
1160.022	2.076990E-14	2.302907E-14	2.400449E-14	1.725971E-14	1.855027E-14	3.345055E-15
1168.134	3.747691E-14	3.354502E-14	1.492245E-14	1.989626E-15	2.889719E-15	5.782962E-15
1176.246	2.492952E-14	2.715242E-14	1.341196E-15	1.574117E-14	5.910936E-15	9.084439E-15
1184.360	1.102381E-14	4.846850E-15	1.523582E-15	9.336981E-15	9.246546E-15	5.418316E-15
1192.469	4.373248E-15	1.090490E-14	1.436420E-14	1.461121E-17	1.370570E-14	1.203827E-14
1200.574	1.750105E-14	3.448819E-14	2.303512E-15	1.405686E-15	8.791839E-15	2.705578E-16
1208.590	1.247484E-14	1.625961E-14	9.306752E-15	7.377586E-15	5.414666E-15	4.845085E-15
1216.603	4.873450E-14	2.476830E-14	7.648142E-15	8.042140E-15	8.429082E-15	7.869072E-15
1224.712	2.605004E-14	1.274489E-14	1.352785E-14	1.272172E-14	1.011716E-14	1.957507E-15
1232.819	1.750105E-14	3.034872E-14	4.502228E-15	1.802704E-15	2.017690E-14	4.559664E-15
1240.929	5.235402E-14	7.972615E-15	1.197302E-14	1.591651E-14	1.364700E-14	6.181998E-15
1249.036	4.790016E-14	7.902074E-15	8.291034E-15	6.291831E-15	3.753284E-15	9.856184E-16
1257.142	5.800097E-15	1.507057E-14	2.198718E-15	3.360532E-16	9.161394E-15	5.584708E-15
1265.247	6.767449E-15	4.642696E-14	6.281759E-15	3.219477E-15	1.680551E-14	4.303467E-15
1273.355	6.336169E-15	1.923624E-14	1.885333E-14	4.260893E-15	1.736955E-15	9.960348E-15
1281.463	4.315609E-14	3.681387E-14	4.659421E-15	3.592209E-14	1.653899E-14	8.636909E-16
1289.566	3.543741E-14	2.834952E-14	9.243272E-15	1.349761E-15	4.324629E-15	7.797656E-15
1297.675	2.526810E-14	1.378479E-15	1.593011E-14	5.229760E-15	5.946456E-15	8.619152E-15
1305.784	2.273282E-14	1.457480E-14	8.948026E-16	1.795147E-15	1.032852E-15	9.033679E-15
1313.890	2.068123E-14	1.322857E-14	2.517137E-15	1.156744E-14	1.048698E-14	3.858837E-15
1321.995	5.320045E-14	1.451031E-15	1.057037E-15	2.726780E-14	1.110367E-14	1.213097E-14
1330.102	4.432094E-14	2.156998E-14	1.932391E-14	1.748694E-14	4.156601E-15	7.432378E-15
1338.216	3.023788E-14	5.221295E-14	1.194581E-14	8.727348E-15	8.612725E-15	1.036190E-14
1346.330	5.788002E-15	2.779128E-14	1.932794E-14	3.607929E-15	4.957439E-15	1.024438E-14
1354.434	2.142689E-14	2.275096E-14	1.303510E-14	2.447105E-15	8.737927E-15	7.936965E-15
1362.439	2.925440E-14	1.507460E-14	7.456676E-16	1.936119E-14	2.019705E-14	5.579417E-15
1370.557	9.028236E-14	3.758574E-15	3.173119E-15	1.112507E-14	7.183863E-15	4.694187E-15
1378.663	3.533261E-14	7.418398E-15	9.597967E-15	2.204913E-14	2.535023E-15	8.142274E-15
1386.789	8.694097E-15	5.393000E-15	3.533864E-15	3.780743E-15	1.361702E-14	3.293287E-15
1394.895	9.794462E-15	1.457682E-14	9.045769E-15	1.590844E-14	7.361969E-15	1.087543E-14
1402.917	2.581626E-14	1.383115E-14	1.328097E-14	1.319179E-14	7.299492E-15	6.654591E-15
1411.023	2.241440E-14	1.990734E-14	9.549599E-15	9.310281E-15	1.216800E-14	8.525814E-15
1419.130	8.319245E-15	1.785978E-14	8.012921E-15	1.304064E-14	1.110467E-14	4.083797E-15
1427.136	1.274086E-14	2.104197E-14	2.399240E-14	9.680596E-15	1.792905E-14	6.033118E-15
1435.244	4.791225E-14	6.749310E-15	1.636945E-14	1.420802E-15	1.521316E-14	2.787946E-15
1443.350	5.281754E-14	1.754539E-14	1.492950E-14	6.586070E-15	7.813905E-15	7.575088E-15
1451.457	2.877072E-14	1.344220E-14	2.013608E-14	1.566206E-14	2.271518E-15	4.693809E-15
1459.668	1.507863E-14	2.422414E-15	1.255746E-14	1.374600E-14	1.394753E-14	7.956236E-15
1467.775	2.570341E-14	2.357725E-14	1.321849E-14	1.027808E-16	3.746982E-15	1.004096E-14
1475.884	2.902063E-15	1.888960E-14	2.950430E-15	5.286188E-15	5.729811E-15	1.460352E-14
1483.992	4.280543E-15	2.033459E-15	5.741651E-15	1.643997E-15	1.089911E-14	1.252774E-14
1491.998	2.899241E-14	1.607219E-14	2.834550E-14	7.627990E-15	1.126338E-14	9.420619E-15
1500.104	1.989525E-14	1.420398E-14	2.406294E-15	3.720281E-15	1.991691E-14	6.514779E-15
1508.208	5.227744E-15	1.329104E-14	1.626667E-14	1.689645E-14	6.939508E-15	8.271384E-15
1516.320	2.989124E-14	5.151161E-15	1.766832E-14	2.144906E-14	7.449885E-15	1.099660E-14
1524.429	2.489325E-14	1.135230E-14	5.879701E-15	5.033768E-15	7.405048E-15	6.041427E-15
1532.536	2.644504E-14	3.833139E-15	2.850873E-14	7.808361E-15	4.828962E-15	4.755403E-15
1540.641	1.692881E-16	4.518351E-15	5.010090E-15	1.120771E-14	7.401015E-15	5.365540E-15
1548.745	4.415972E-14	2.907504E-14	1.652563E-14	1.777161E-14	6.833704E-15	9.208776E-16
1556.855	3.397428E-14	4.131408E-15	7.204775E-15	1.259626E-14	4.993463E-15	2.121377E-15
1564.968	7.009287E-15	2.942570E-14	1.256855E-14	1.828501E-14	1.362030E-14	4.882240E-15
1572.985	4.644509E-14	1.379326E-13	3.258775E-14	6.327103E-15	5.408870E-15	5.767596E-15
1581.101	1.362357E-14	4.324879E-15	8.068339E-15	7.119119E-16	7.513623E-15	1.084256E-14
1589.210	2.059255E-14	1.375054E-14	8.586275E-15	1.929166E-15	1.597117E-14	1.392247E-14
1597.322	5.981474E-14	1.603591E-14	1.445791E-14	1.644653E-14	2.813885E-16	2.242082E-17
1605.443	4.670306E-14	7.285387E-15	4.675546E-16	2.506556E-14	6.222557E-15	4.829592E-15
1613.546	2.862966E-14	7.222911E-15	1.400648E-14	1.979045E-15	5.480918E-15	5.919501E-15
1621.561	1.936724E-14	1.595127E-14	2.503533E-14	5.589997E-15	1.564142E-14	9.424398E-15
1629.672	1.401454E-14	1.067717E-14	3.476630E-14	4.900756E-15	6.011955E-15	1.305084E-14
1637.782	3.907708E-14	1.987107E-14	2.126164E-14	8.185227E-15	9.737024E-15	4.849870E-15
1645.894	5.891993E-14	2.894807E-14	7.373053E-15	1.177553E-14	8.661853E-15	8.142269E-15
1654.005	2.698112E-14	9.915371E-16	2.251013E-14	4.052309E-15	9.232680E-16	7.663761E-15
1662.119	1.168885E-16	4.287999E-14	9.574790E-15	6.338172E-16	5.634334E-15	2.214460E-15
1670.237	1.869815E-14	3.344627E-14	5.716458E-15	2.249047E-14	1.455919E-14	8.466740E-15
1678.343	4.627177E-14	3.280943E-14	2.494968E-14	8.427067E-15	7.275560E-15	6.579897E-15
1686.354	6.613478E-14	4.887155E-15	4.683607E-15	2.209798E-15	1.472696E-14	1.057363E-14
1694.468	1.949622E-14	1.115279E-14	1.196597E-14	2.231061E-14	6.158821E-15	5.720365E-15
1702.574	1.116891E-14	9.625175E-15	6.214242E-15	1.260583E-15	5.366296E-15	1.215604E-14
1710.682	1.687630E-14	1.073360E-14	2.844626E-15	6.040421E-15	1.215465E-14	9.981005E-15
1718.794	3.831932E-14	2.676749E-14	3.305127E-14	5.663053E-15	9.838547E-15	6.027071E-16
1726.906	6.160837E-14	3.198314E-14	2.509054E-16	7.117108E-15	4.821907E-15	8.001710E-15
1735.010	3.483281E-14	1.547364E-14	9.930496E-15	1.071899E-14	5.043847E-15	7.028307E-15
1743.119	5.596950E-14	2.593517E-14	1.263707E-14	9.874569E-15	9.413060E-15	7.725355E-15
1751.124	1.813386E-14	1.010280E-14	2.323968E-14	1.930879E-14	1.390521E-14	9.764355E-15
1759.237	2.457079E-14	7.742864E-15	3.382616E-14	1.807894E-14	9.120586E-15	2.755322E-15
1767.344	2.343415E-14	9.310784E-15	2.135231E-15	1.016427E-14	1.097344E-15	8.237751E-15
1775.453	1.873443E-14	2.865183E-14	7.406307E-16	2.300338E-14	3.879241E-15	8.539673E-15
1783.558	1.603389E-14	1.778924E-14	8.668902E-15	7.752942E-15	4.023841E-15	9.359404E-15
1791.663	1.572354E-14	9.897244E-15	2.744061E-14	1.848048E-15	1.084218E-14	9.565849E-15
1799.775	1.027008E-14	2.251114E-15	1.463526E-14	7.306043E-15	8.917293E-15	4.134054E-15
1807.885	3.768650E-14	8.407919E-15	5.297272E-15	3.236606E-15	6.476738E-15	1.042916E-14
1816.002	4.591305E-14	2.195088E-14	1.157500E-14	3.585256E-15	1.527210E-14	1.284893E-14
1824.010	3.139869E-15	1.491539E-14	9.420619E-15	1.780034E-15	6.558358E-15	3.038090E-16
1832.116	1.686824E-14	1.806131E-14	1.705969E-14	1.249802E-14	2.988219E-15	1.020735E-14
1840.222	3.490535E-15	7.738818E-16	9.862982E-15	1.219219E-14	6.240189E-15	5.906656E-15
1848.345	5.873452E-14	4.085258E-14	1.296355E-14	9.242264E-15	6.020775E-15	7.487421E-15
1856.457	1.011694E-15	1.904479E-15	1.860141E-15	8.124764E-15	1.118504E-15	9.816756E-15
1864.561	3.016130E-14	2.032653E-14	2.355911E-14	1.505949E-15	1.689092E-15	1.153721E-14
1872.670	6.215251E-14	1.726324E-14	1.351274E-15	5.275086E-16	1.494562E-14	3.612716E-15
1880.687	5.402270E-14	2.932091E-14	5.697314E-15	1.115178E-14	1.249474E-14	3.947636E-15
1888.795	2.700530E-15	4.041122E-14	5.314401E-15	4.096645E-15	1.469923E-15	1.504009E-14
1896.911	1.980255E-14	1.152765E-15	2.158207E-14	2.258671E-14	8.851545E-15	4.337476E-15
1905.021	2.415967E-14	4.867001E-15	2.268446E-14	1.555022E-14	3.045904E-15	8.862629E-15
1913.130	2.134629E-14	1.561875E-15	1.357016E-14	8.481985E-15	2.968569E-15	9.864993E-16
1921.240	4.570748E-15	2.393597E-14	3.678970E-15	1.077189E-14	8.238128E-15	6.548786E-15
1929.345	1.501011E-14	1.959497E-14	1.913548E-15	2.680879E-15	1.489096E-14	1.777891E-15
1937.451	4.538907E-14	2.234992E-15	1.008366E-14	5.581936E-15	1.009147E-14	6.709003E-15
1945.560	1.384526E-14	6.823878E-15	7.733795E-15	1.271718E-14	6.077203E-15	3.526560E-15
1953.566	1.419995E-14	2.998597E-14	2.581929E-14	1.212266E-14	7.934070E-15	7.144565E-15
1961.676	7.964550E-15	5.750921E-14	3.310468E-14	3.191261E-15	1.031341E-14	4.139597E-15
1969.796	1.098753E-14	1.002824E-14	1.494663E-14	1.514010E-14	1.524742E-14	1.447366E-14
1977.911	6.287795E-16	7.611868E-14	2.146115E-14	2.922166E-14	2.756959E-15	6.884212E-15
1986.018	3.284168E-14	8.262820E-15	1.862761E-14	1.867195E-15	9.259394E-15	5.845565E-15
1994.126	2.515121E-14	1.112054E-14	3.614378E-14	2.599771E-16	1.949622E-14	4.817372E-15
2002.239	2.982691E-16	2.632211E-14	3.035779E-14	1.770913E-14	1.459193E-14	1.493479E-15
2010.247	5.933508E-14	2.778725E-14	1.002622E-14	4.186854E-16	1.290385E-14	1.347292E-14
2018.359	6.030648E-14	3.067319E-14	4.447814E-15	7.296975E-15	5.976183E-15	1.885749E-14
2026.469	1.960908E-14	8.383736E-15	3.984291E-15	1.196244E-14	6.443740E-15	4.845839E-15
2034.582	2.543335E-15	3.155994E-15	3.478443E-15	8.494073E-15	3.368357E-15	1.158482E-14
2042.693	2.999201E-14	3.035880E-14	2.024793E-14	9.743070E-15	6.915069E-16	5.614560E-15
2050.809	1.607823E-14	1.355908E-14	1.486803E-14	6.667187E-15	2.441838E-14	2.504035E-15
2058.917	6.666279E-14	4.160026E-14	2.835859E-14	3.501618E-16	1.603642E-14	6.921870E-15
2067.024	1.923423E-14	1.530234E-14	5.481680E-16	1.900297E-14	7.542340E-15	1.065286E-14
2075.030	3.129391E-14	1.858529E-14	8.725334E-15	7.531255E-15	8.554031E-15	1.204482E-14
2083.140	6.457088E-15	1.915160E-14	6.176961E-15	1.035825E-14	3.299334E-15	8.931147E-15
2091.254	4.597351E-14	1.633821E-14	2.632614E-14	1.850115E-14	5.038302E-15	7.685928E-15
2099.361	6.168494E-14	4.960714E-14	2.994765E-15	1.163344E-14	8.350987E-15	1.170385E-14
2107.469	2.083842E-14	8.853307E-15	1.649542E-15	1.417123E-14	1.442164E-14	1.113704E-14
2115.579	4.290215E-14	1.800287E-14	5.622760E-16	1.404679E-15	6.857381E-15	1.069544E-14
2123.682	1.932290E-14	2.033661E-14	1.922113E-14	4.507769E-15	6.407460E-15	5.321961E-15
2131.793	6.578010E-15	3.868409E-14	2.781132E-16	3.717259E-15	1.114045E-14	4.590650E-15
2139.908	1.299479E-14	2.700934E-14	6.674743E-15	4.840297E-15	3.444435E-15	5.925045E-15
2147.931	9.230177E-16	6.094331E-15	2.058147E-14	1.841500E-14	1.713854E-14	1.056444E-14
2156.040	1.970984E-14	3.266634E-14	1.559858E-14	8.031056E-15	4.632720E-15	5.527899E-15
2164.149	3.094727E-14	7.146327E-15	1.523885E-14	1.684305E-14	7.027173E-15	2.038118E-15
2172.255	3.913351E-14	1.250305E-14	1.599661E-14	1.665310E-14	1.148582E-14	5.732833E-15
2180.370	2.544544E-14	9.661450E-15	2.095027E-14	1.250608E-14	5.461520E-15	8.602273E-15
2188.477	1.962117E-14	2.410324E-14	2.040714E-14	1.043886E-14	1.287992E-14	5.831584E-15
2196.589	2.294645E-14	3.440153E-15	1.122533E-15	1.068977E-14	8.690317E-15	1.243315E-14
2204.597	9.619531E-14	2.964336E-14	1.325880E-14	7.370532E-15	7.242559E-16	9.015659E-15
2212.708	2.690454E-14	1.440954E-15	6.187043E-16	1.834446E-15	1.123794E-15	5.709027E-15
2220.817	5.423632E-14	1.518142E-14	2.370019E-15	1.296003E-14	4.737517E-15	1.036430E-14
2228.926	5.344630E-15	1.203147E-15	2.144604E-14	1.444129E-14	1.485367E-14	1.203965E-14
2237.033	2.038296E-14	2.186624E-15	1.816107E-14	1.037185E-14	1.445087E-14	1.032398E-14
2245.143	5.305132E-14	1.489121E-14	2.137953E-14	1.642486E-15	8.347210E-15	1.231613E-15
2253.262	2.744867E-14	2.041520E-14	1.211007E-14	1.381452E-14	1.846529E-16	1.129197E-14
2261.366	6.341812E-14	1.680980E-14	9.348068E-15	9.320732E-17	1.200476E-14	5.574253E-15
2269.377	2.514315E-14	2.841602E-15	1.661632E-14	2.201284E-14	8.013673E-15	8.976115E-15
2277.488	1.939142E-14	2.408308E-15	8.967171E-15	8.037606E-15	1.529630E-15	6.233135E-15
2285.601	2.177353E-14	9.248310E-15	3.567018E-14	1.368957E-14	9.309776E-15	7.855093E-15
2293.712	2.310767E-14	4.499608E-14	2.188941E-14	2.203250E-14	7.943891E-15	1.660876E-14
2301.826	5.354305E-14	1.217859E-14	7.220896E-15	1.281039E-14	8.195555E-15	5.618590E-15
2309.934	3.199927E-14	7.182605E-15	1.284465E-14	1.100970E-14	9.055593E-15	7.443589E-15
2318.039	2.695290E-14	3.835761E-14	1.256150E-14	6.650560E-15	1.187301E-14	9.811463E-15
2326.149	1.586058E-14	1.601576E-14	1.237307E-14	1.362458E-14	4.153578E-15	3.908717E-15
2334.155	7.066522E-14	1.888356E-14	1.484284E-14	7.253644E-15	1.431080E-14	8.199082E-15
2342.259	2.275700E-14	1.947808E-14	1.454054E-14	8.941476E-15	1.547867E-14	7.951323E-15
2350.364	2.230960E-14	2.470986E-14	2.370018E-15	1.305979E-14	1.862660E-14	7.158421E-15
2358.469	9.891196E-15	1.739424E-14	4.615080E-16	8.079928E-15	3.427810E-15	1.024904E-14
2366.577	5.320449E-16	5.667688E-14	1.298270E-14	1.837016E-14	1.285699E-14	1.222884E-14
2374.686	2.071750E-14	9.792449E-15	3.294244E-14	6.983101E-16	8.000321E-15	1.461737E-15
2382.799	1.075778E-14	7.754956E-15	2.660224E-15	1.154477E-14	1.053358E-14	1.026516E-14
2390.905	3.305125E-15	1.202341E-14	1.148834E-14	1.359586E-14	9.137715E-15	1.307692E-14
2399.020	7.384138E-15	5.642898E-15	3.777115E-14	2.120622E-15	8.922331E-15	9.050805E-15
2407.034	7.000822E-14	5.090701E-15	3.212825E-14	6.614789E-15	3.615989E-15	5.238953E-15
2415.140	1.592507E-14	3.200733E-14	1.661129E-14	5.113878E-15	3.505147E-15	6.965326E-15
2423.257	1.672314E-14	2.169897E-14	1.479649E-14	6.046468E-15	8.829627E-15	1.145445E-14
2431.363	4.590499E-14	3.680783E-14	3.265830E-15	9.807058E-15	7.904847E-15	5.720738E-15
2439.468	3.401863E-14	4.941567E-14	9.538515E-15	9.902281E-15	2.448061E-14	1.498214E-14
2447.580	1.634022E-14	2.429067E-14	3.598355E-15	4.533465E-15	1.123592E-14	1.485506E-14
2455.687	6.923435E-14	3.291624E-14	1.040611E-14	1.285775E-14	9.621395E-15	9.750249E-15
2463.793	2.390574E-14	2.090291E-14	1.026907E-14	1.697403E-15	5.443875E-16	1.170108E-14
2471.900	1.797666E-15	1.011691E-14	2.107522E-14	2.369312E-14	5.117406E-15	4.897733E-15
2479.912	2.821134E-17	3.859743E-14	1.518242E-14	9.915379E-16	6.499159E-15	1.320364E-14
2488.021	2.357523E-14	2.969979E-14	7.071762E-15	1.808740E-16	2.869061E-15	9.010377E-15
2496.131	1.481825E-13	3.099564E-14	2.273081E-14	3.962626E-15	1.273834E-14	5.002533E-15
2504.240	1.122534E-14	1.953854E-14	1.240431E-15	1.605202E-15	6.473966E-15	1.022486E-14
2512.354	1.382510E-14	1.919996E-14	1.977837E-14	1.122181E-14	8.664369E-15	7.883560E-15
2520.466	5.264019E-14	5.004044E-15	1.189443E-14	1.058245E-14	1.466298E-14	1.787854E-14
2528.579	2.144302E-14	9.512316E-15	1.154577E-14	3.209904E-15	1.824496E-14	8.597109E-15
2536.691	4.096745E-14	6.072164E-15	1.517538E-15	1.439342E-14	1.378958E-14	1.289793E-14
2544.696	6.530043E-14	1.405082E-14	3.113671E-15	1.133668E-14	2.051344E-15	4.006963E-15
2552.801	1.981867E-14	3.299484E-14	1.248088E-14	8.709210E-15	9.492166E-16	4.151940E-15
2560.916	5.642888E-16	1.846034E-15	4.546565E-15	3.853292E-15	9.584616E-15	7.698525E-15
2569.032	2.446600E-14	1.975030E-16	2.359941E-14	1.155132E-14	1.701687E-15	6.441216E-15
2577.149	4.232981E-14	1.513305E-14	2.676649E-14	1.684758E-14	6.173686E-15	8.013042E-15
2585.256	4.350676E-14	9.840814E-15	2.567518E-15	7.624969E-15	1.341751E-14	1.128429E-14
2593.369	5.056038E-14	4.997795E-14	1.692870E-14	6.571459E-15	1.318953E-14	1.069191E-14
2601.375	3.388964E-14	2.994566E-14	6.296870E-15	1.066105E-15	3.574674E-16	8.989722E-15
2609.484	1.938336E-14	3.978244E-15	8.022989E-15	1.408206E-14	3.908465E-15	4.897484E-15
2617.598	3.451439E-14	5.552209E-15	1.791620E-15	1.319481E-14	8.900918E-15	8.621292E-15
2625.724	6.735204E-15	1.134626E-14	8.505663E-15	1.122483E-14	1.966450E-14	3.335734E-15
2633.833	1.003066E-13	1.408307E-14	1.351071E-14	1.447252E-14	2.607576E-15	6.748679E-15
2641.943	7.916182E-14	2.299885E-14	1.242647E-14	3.745978E-15	1.483680E-14	7.403913E-15
2650.059	9.842022E-14	1.961512E-14	5.978450E-15	7.922229E-15	9.273250E-15	1.459042E-14
2658.071	2.140271E-14	5.937135E-15	1.322756E-14	4.215044E-15	7.294708E-15	8.680491E-15
2666.177	2.825077E-14	3.396219E-14	6.099369E-15	9.430191E-15	1.151781E-14	8.870814E-15
2674.283	1.386541E-15	8.230572E-15	1.227129E-14	1.717961E-14	7.012308E-15	7.113077E-15
2682.393	1.559859E-14	2.415765E-14	9.179795E-16	5.411151E-16	1.416443E-14	7.344334E-15
2690.510	2.527616E-14	1.630999E-14	1.405485E-14	3.852790E-15	3.745979E-15	1.774366E-15
2698.619	1.085291E-13	1.426243E-14	3.203958E-14	1.839988E-14	2.977132E-15	1.755635E-14
2706.732	2.720281E-14	1.188233E-14	2.108832E-14	5.563795E-15	3.142642E-15	1.245280E-14
2714.752	2.691260E-14	3.728340E-16	2.959500E-14	1.770057E-14	1.037966E-14	8.206768E-15
2722.858	2.312379E-14	9.256368E-15	9.414573E-15	7.950430E-16	9.654899E-15	4.588887E-15
2730.973	3.710609E-14	6.438951E-15	4.216052E-15	1.963427E-15	6.392347E-15	7.808236E-15
2739.079	2.435314E-14	9.197927E-15	3.078604E-14	5.398037E-15	1.700654E-14	1.231111E-15
2747.189	2.482472E-14	2.687028E-14	6.490343E-15	1.007157E-14	9.918405E-15	1.222356E-14
2755.299	8.661850E-15	1.426444E-14	1.717860E-14	1.327744E-14	9.726445E-15	2.136995E-15
2763.405	8.657819E-15	4.405089E-14	2.945896E-14	1.418887E-14	1.702190E-15	1.265358E-14
2771.513	1.748089E-14	2.759378E-14	1.296154E-14	9.519369E-15	1.054265E-14	7.926131E-15
2779.616	2.736403E-14	2.348051E-14	2.109135E-14	9.475531E-15	1.717935E-14	7.981298E-15
2787.621	4.030643E-15	2.363972E-15	3.225924E-14	2.205264E-15	1.736703E-15	1.039465E-14
2795.728	1.773886E-14	6.469183E-16	2.016027E-14	9.942082E-15	1.194078E-14	5.835237E-15
2803.843	3.603394E-14	8.615497E-15	2.320843E-14	4.793946E-15	1.663673E-14	8.825220E-15
2811.963	2.383319E-14	1.537689E-15	1.771366E-14	2.081021E-14	1.224055E-15	8.287631E-15
2820.072	2.420804E-14	2.391179E-14	7.209812E-15	1.779781E-14	4.963735E-15	5.488223E-15
2828.185	4.178567E-14	3.158209E-14	8.839197E-15	2.140019E-14	1.416846E-14	9.068063E-15
2836.296	4.691666E-15	7.577598E-16	6.356322E-15	1.213374E-14	4.835511E-15	1.045297E-14
2844.306	2.319635E-14	1.557843E-14	3.743661E-14	3.108638E-16	1.944331E-14	7.786571E-15
2852.425	4.407508E-14	9.582851E-15	2.618205E-14	1.800790E-14	9.824945E-15	8.417494E-15
2860.535	4.031045E-14	1.598754E-14	2.833541E-15	7.084357E-15	1.540688E-14	5.717340E-15
2868.645	7.904090E-14	9.687650E-15	1.522474E-14	4.086568E-15	8.912758E-16	7.993142E-15
2876.760	9.947625E-15	2.101979E-15	2.465745E-15	1.070740E-14	9.983645E-15	1.396013E-14
2884.867	2.966552E-15	1.091095E-14	7.810376E-15	1.530133E-14	1.475140E-14	1.124613E-14
2892.974	7.452657E-15	2.855709E-15	1.500407E-14	6.266138E-15	1.482420E-14	1.439922E-14
2901.085	1.828299E-14	2.398837E-14	2.508571E-14	2.313891E-14	1.406694E-15	1.017019E-14
2909.106	1.031845E-15	1.394804E-14	1.399137E-14	1.555829E-15	3.424032E-15	7.720066E-15
2917.209	7.662250E-15	1.114472E-15	1.238011E-14	7.623457E-15	8.171876E-15	8.737042E-15
2925.314	5.535281E-14	6.471196E-15	2.690152E-14	1.337167E-15	1.070060E-14	2.960385E-15
2933.425	8.782770E-15	1.067516E-14	1.497988E-14	4.938041E-15	8.258535E-15	1.109081E-14
2941.534	2.084648E-14	1.284163E-14	2.041420E-14	2.041973E-14	1.173119E-14	8.704170E-15
2949.643	1.325678E-14	1.163243E-14	1.612156E-14	7.802315E-15	1.585730E-14	5.201418E-15
2957.755	4.426048E-14	1.611451E-14	6.257574E-15	1.215440E-14	1.397373E-15	1.445792E-14
2965.865	5.755758E-15	8.135853E-15	1.365783E-14	8.019969E-15	1.525548E-14	1.130935E-14
2973.876	4.727943E-14	4.943986E-14	5.407107E-15	7.790225E-15	4.245272E-15	1.196962E-14
2981.989	2.860144E-14	6.221297E-15	3.990337E-15	1.430072E-14	6.561885E-15	2.609966E-15
2990.110	3.921818E-15	9.756169E-15	1.963024E-14	1.759577E-14	9.676315E-15	1.055373E-14
2998.220	3.292229E-14	3.149543E-14	9.133435E-15	1.016982E-14	5.960311E-15	7.804206E-15
3006.328	1.451837E-14	3.766233E-14	5.532054E-16	1.709496E-14	5.424992E-15	4.778704E-15
3014.439	4.655392E-15	2.083843E-15	2.130195E-14	8.135851E-15	2.227936E-15	5.189327E-15
3022.549	2.234588E-14	1.124952E-14	1.630597E-14	3.225019E-15	1.267788E-14	2.927131E-15
3030.557	3.763814E-14	4.727339E-14	2.184205E-14	1.180475E-14	1.816058E-15	4.043489E-15
3038.667	6.092316E-14	2.639063E-14	6.406707E-15	1.531896E-14	9.552620E-15	8.254375E-15
3046.785	8.113682E-15	4.185016E-14	1.329709E-14	8.971203E-15	3.675439E-16	8.391421E-15
3054.901	9.459917E-15	1.522777E-14	6.580029E-16	3.097045E-15	1.480404E-14	1.062137E-14
3063.011	2.317619E-14	9.490146E-15	2.532654E-14	1.237508E-14	1.828904E-14	6.167638E-15
3071.118	2.540917E-14	3.156799E-14	1.179064E-14	8.234608E-15	1.677176E-14	5.485451E-15
3079.226	3.343417E-14	1.352482E-14	7.912150E-15	1.287286E-15	6.490846E-15	9.459918E-15
3087.331	3.670706E-14	2.809358E-14	3.102386E-14	3.707689E-15	4.245779E-15	9.825320E-15
3095.346	3.242652E-14	5.686028E-14	1.880396E-14	1.184908E-14	2.617393E-16	6.630028E-15
3103.462	1.431281E-14	1.486703E-14	1.298270E-14	2.317116E-15	9.053831E-16	1.152096E-14
3111.571	4.287394E-14	6.509486E-16	4.486105E-15	2.982170E-15	1.288395E-14	1.378014E-14
3119.685	4.245879E-14	1.525598E-15	2.433500E-15	4.747087E-15	1.272676E-15	7.903083E-15
3127.794	2.748092E-14	2.603796E-15	3.179572E-14	7.515134E-15	9.852147E-15	1.265722E-14
3135.901	4.313996E-14	5.409121E-15	1.542426E-14	3.720786E-15	5.068787E-15	1.296834E-14
3144.012	3.075380E-15	9.971808E-15	7.043547E-15	1.767840E-14	1.396618E-15	4.046890E-15
3152.023	3.849666E-14	9.627188E-15	4.279535E-15	2.448061E-14	4.741801E-15	1.187515E-14
3160.133	1.922214E-14	3.726732E-14	2.150347E-15	1.805627E-14	1.322832E-14	1.343501E-14
3168.240	3.339790E-14	2.665867E-14	7.109047E-15	2.846942E-14	1.231941E-14	1.031958E-14
3176.354	6.529641E-15	2.070742E-14	1.074368E-14	1.102532E-14	1.253908E-14	1.843263E-15
3184.459	4.727540E-14	3.848458E-14	2.282754E-14	2.522477E-14	8.438152E-15	8.901043E-15
3192.571	2.172515E-15	1.571951E-14	6.515533E-15	8.704674E-15	5.391991E-15	1.570817E-15
3200.678	1.440552E-14	2.857724E-15	2.319836E-14	1.843012E-15	1.857773E-14	1.264664E-14
3208.785	3.760589E-14	1.713829E-14	1.918384E-14	1.082429E-14	7.572822E-15	1.793639E-16
3216.795	2.283762E-14	1.865180E-14	3.202446E-14	6.645018E-15	3.319990E-15	1.332492E-14
3224.905	2.251517E-14	1.650951E-14	1.700629E-14	2.497991E-15	5.775658E-15	9.973698E-15
3233.018	3.659824E-15	4.395416E-15	3.079813E-14	8.261306E-15	8.528083E-15	2.399239E-15
3241.137	1.719875E-14	1.227330E-15	9.919409E-15	8.095042E-15	5.474621E-15	6.670837E-15
3249.249	3.112462E-14	2.434507E-15	3.922825E-15	7.378091E-15	5.179878E-15	5.904512E-15
3257.359	4.393399E-16	3.815204E-14	3.161233E-14	5.741147E-15	6.123047E-15	1.265747E-15
3265.465	5.490541E-14	1.661632E-14	7.173536E-15	7.844637E-15	4.262657E-15	6.101763E-15
3273.577	6.169703E-14	5.405898E-14	1.197403E-14	1.214382E-14	1.722646E-14	1.031530E-14
3281.583	3.740034E-14	1.072353E-14	1.251515E-15	8.949033E-15	2.657201E-15	1.412942E-14
3289.694	3.891988E-14	3.209600E-14	1.441861E-14	4.854405E-15	1.165536E-14	4.959452E-15
3297.808	6.713437E-14	8.476441E-15	2.362962E-15	1.334596E-14	6.225328E-15	8.065315E-15
3305.916	7.779137E-16	3.601380E-15	1.339685E-14	4.945600E-15	1.073537E-14	1.022474E-14
3314.021	1.206371E-14	3.559662E-14	7.294456E-15	1.144904E-14	4.582086E-15	1.818702E-15
3322.132	2.850470E-14	1.364574E-14	9.176765E-15	2.863267E-15	9.982388E-15	1.221650E-14
3330.243	2.453049E-14	1.872838E-14	4.922423E-15	1.612260E-16	7.733291E-15	2.406924E-15
3338.356	7.134253E-16	1.875257E-14	2.690958E-14	5.865087E-15	4.090096E-15	9.099298E-15
3346.368	5.337377E-14	2.252525E-14	2.057844E-14	1.984437E-14	1.257485E-14	1.013996E-14
3354.472	3.180580E-14	2.689446E-14	2.524794E-14	1.061066E-14	1.226827E-14	4.350701E-15
3362.583	5.239432E-14	1.112054E-14	1.444683E-14	1.575780E-14	1.112609E-14	9.460171E-15
3370.695	5.994372E-14	3.833342E-14	7.596749E-15	1.241891E-14	5.161994E-15	1.124297E-15
3378.803	1.931483E-14	3.378484E-14	2.903171E-14	3.535377E-15	8.310175E-15	8.376681E-15
3386.914	4.482477E-14	1.532652E-14	1.876264E-14	2.492448E-15	3.900403E-15	8.601391E-15
3395.028	1.770258E-14	3.948014E-15	2.122134E-15	7.415376E-15	1.138077E-14	6.501425E-15
3403.141	7.785588E-14	1.312780E-14	5.272080E-15	1.669240E-14	9.304487E-15	3.678214E-15
3411.151	2.406291E-15	4.058857E-15	3.170099E-15	1.211561E-14	1.375961E-15	8.432607E-15
3419.261	2.582433E-14	3.022982E-14	7.003241E-15	6.814810E-15	1.382813E-14	2.970709E-15
3427.372	2.071347E-14	9.566731E-15	4.005450E-15	1.365380E-15	7.909882E-15	6.667563E-15
3435.478	4.274093E-14	1.745067E-14	1.519351E-14	1.828904E-14	1.219521E-15	4.244775E-16
3443.584	9.351091E-16	5.259996E-16	1.539707E-15	1.411682E-14	1.376918E-14	7.415752E-15
3451.692	7.690465E-15	1.377875E-14	6.520572E-15	1.666066E-14	3.277920E-15	4.821402E-15
3459.800	4.570747E-15	2.468164E-14	3.874354E-14	1.261943E-14	7.327707E-15	4.750110E-15
3467.906	2.271267E-14	1.763003E-14	1.862258E-14	1.387549E-14	1.179240E-14	7.744629E-15
3475.925	4.559060E-14	2.901055E-14	2.293536E-14	3.216956E-15	4.778075E-15	1.573462E-15
3484.038	7.255157E-15	1.108024E-14	1.974511E-14	6.630911E-15	1.098355E-16	1.183775E-14
3492.145	4.428466E-14	3.433301E-14	1.792830E-14	3.771168E-15	4.638266E-15	8.884798E-15
3500.250	1.135029E-14	1.998997E-14	1.060563E-14	1.359334E-14	1.318725E-14	6.030593E-15
3508.358	7.441775E-14	1.112860E-14	6.731152E-16	1.445439E-14	6.048987E-15	6.578894E-15
3516.465	2.377273E-14	1.147725E-14	9.054841E-15	1.208688E-15	1.516958E-14	9.085825E-15
3524.578	2.889969E-15	2.551598E-14	4.000408E-16	4.181793E-16	1.515698E-14	8.308915E-15
3532.688	2.210404E-14	3.063294E-16	8.157013E-15	1.599258E-14	5.793795E-15	9.224378E-15
3540.797	4.187031E-14	1.737207E-14	8.222520E-16	1.691610E-14	1.449519E-15	1.104396E-14
3548.818	9.157617E-15	1.027008E-14	1.748190E-14	9.849888E-16	2.574824E-15	1.549275E-17
3556.926	8.847259E-15	8.484502E-15	6.602191E-15	2.599563E-14	6.255044E-16	5.782965E-15
3565.036	1.073763E-14	5.058455E-15	1.632611E-14	4.827700E-15	2.149818E-14	2.735803E-16
3573.145	1.436118E-14	2.639063E-14	3.241946E-14	1.297010E-14	1.300134E-14	4.245274E-15
3581.265	7.532867E-14	1.374449E-14	3.067823E-14	1.859637E-14	3.065302E-15	6.887235E-15
3589.372	2.245068E-15	1.493354E-15	2.122133E-14	3.600875E-15	5.358737E-15	1.144929E-14
3597.388	8.625554E-16	3.491342E-14	2.564494E-15	6.081235E-16	2.361453E-15	2.574702E-15
3605.510	1.433296E-14	4.374053E-14	1.131905E-14	2.259679E-15	8.207645E-15	8.114690E-15
3613.611	2.723908E-14	2.837975E-14	2.553412E-14	1.572455E-15	3.591302E-15	8.642202E-15
3621.722	1.926244E-14	2.296257E-14	1.612248E-16	5.859551E-16	8.996897E-15	8.840832E-15
3629.841	3.569134E-14	1.559254E-14	1.804720E-15	1.010482E-14	5.072564E-15	9.517105E-15
3637.952	3.832335E-14	1.652563E-15	5.945201E-15	2.084749E-14	7.577354E-15	1.006439E-14
3646.058	1.555022E-14	1.923422E-14	1.975922E-14	4.711821E-15	1.705088E-14	1.303748E-14
3654.076	3.320443E-14	1.943173E-14	1.129588E-14	5.082639E-15	3.346693E-15	1.648406E-15
3662.184	3.756155E-14	2.279530E-14	1.949723E-14	1.954610E-14	3.042884E-15	1.439570E-15
3670.295	5.586472E-15	2.834549E-14	9.991963E-15	1.223451E-14	6.296872E-15	4.173855E-15
3678.406	2.756959E-15	2.273285E-15	1.554317E-14	2.994262E-15	2.967812E-15	9.103332E-15
3686.524	3.623547E-14	3.992552E-14	3.977236E-15	1.432037E-14	1.300135E-15	7.924868E-15
3694.632	3.155992E-15	9.391395E-15	4.146522E-15	9.189362E-15	3.577701E-15	1.104484E-14
3702.739	3.587272E-15	3.469376E-14	2.430981E-14	1.158961E-14	8.855070E-15	1.001765E-14
3710.850	3.628385E-14	2.638660E-14	8.585270E-16	7.832044E-15	5.135540E-15	9.376911E-15
3718.859	6.211219E-15	6.086254E-16	1.193070E-14	1.533306E-14	6.503189E-15	9.683874E-15
3726.968	6.730769E-14	7.255153E-16	1.414756E-14	1.209697E-15	1.808423E-14	4.004569E-15
3735.081	4.229353E-14	4.144508E-14	4.288602E-15	4.017039E-15	1.251817E-14	4.473760E-15
3743.193	3.453857E-14	4.244267E-15	1.338173E-14	1.610192E-14	1.547918E-14	4.784248E-15
3751.306	5.931091E-14	8.389783E-15	4.138461E-15	1.947302E-15	1.078499E-14	6.716937E-15
3759.420	2.692468E-15	1.109837E-14	6.916583E-15	8.420514E-15	1.085075E-14	6.465780E-15
3767.532	1.530838E-14	7.902075E-15	1.528016E-14	8.528840E-15	8.958356E-15	6.852218E-15
3775.540	1.237810E-14	1.718464E-14	1.942770E-15	7.806850E-15	9.925535E-17	7.050474E-15
3783.655	2.039504E-15	2.595129E-14	1.554317E-14	9.597462E-15	1.074972E-14	5.781704E-15
3791.761	1.715441E-14	2.793237E-15	7.115090E-15	1.201232E-14	4.268953E-15	1.006653E-14
3799.868	2.737209E-14	1.809154E-14	5.864584E-16	1.660625E-14	4.242503E-15	3.538020E-15
3807.974	1.297463E-14	1.866590E-14	1.835857E-14	1.100365E-14	2.040763E-15	1.215528E-14
3816.078	2.440958E-14	1.447807E-14	1.756453E-14	8.012917E-15	7.005256E-15	9.183189E-15
3824.194	3.795656E-14	1.139463E-14	2.009273E-15	5.855013E-15	2.246832E-15	1.142385E-14
3832.309	1.169692E-14	4.249507E-14	3.018850E-14	7.787201E-15	1.198663E-14	1.037097E-14
3840.317	2.230557E-14	8.726341E-16	1.009172E-14	6.703460E-15	9.108997E-15	1.327089E-15
3848.425	1.909718E-14	7.130204E-15	5.020164E-15	4.176250E-15	1.091901E-14	1.753455E-15
3856.535	1.481664E-14	6.009688E-15	5.166276E-15	7.322166E-15	1.755219E-14	7.712381E-15
3864.641	3.696099E-15	1.476827E-14	1.105807E-14	7.733803E-16	1.640950E-14	1.162223E-14
3872.756	2.787995E-14	4.750112E-15	2.851478E-14	3.718772E-15	3.721542E-15	1.204029E-14
3880.874	4.280542E-15	3.851883E-14	6.463136E-15	6.489333E-15	4.994470E-15	5.824656E-15
3888.986	5.599368E-14	2.017135E-14	1.248895E-14	1.144702E-15	8.245184E-15	9.304613E-15
3897.092	2.962522E-15	3.447610E-14	1.198512E-14	8.646233E-15	2.494968E-15	8.142023E-15
3905.107	2.557442E-14	1.106613E-14	1.653168E-14	2.806333E-15	1.531140E-15	9.445810E-15
3913.211	2.299481E-14	1.756957E-14	1.193977E-14	7.019869E-15	1.966954E-15	7.323676E-15
3921.315	2.138256E-14	5.060471E-15	3.206679E-14	5.677160E-15	1.097191E-14	6.697664E-15
3929.421	1.045629E-13	1.561874E-14	2.140976E-14	5.874157E-15	6.786087E-15	9.991711E-15
3937.534	1.694079E-14	1.118302E-14	1.839182E-14	5.229254E-15	1.511278E-17	9.525166E-15
3945.643	2.599764E-14	3.708191E-15	8.010869E-16	6.771473E-16	1.497837E-14	1.027449E-14
3953.757	2.020964E-14	1.726526E-14	5.769863E-15	1.048975E-15	1.311143E-14	7.359197E-15
3961.864	4.066918E-15	1.288395E-14	1.757058E-14	1.327895E-14	1.004134E-14	3.524167E-15
3969.972	3.031045E-15	3.861758E-14	1.714535E-14	4.248298E-15	1.387775E-14	8.242535E-15
3977.978	2.069332E-14	1.751919E-14	1.659516E-14	2.437531E-15	9.306501E-15	1.282462E-14
3986.094	2.937129E-14	2.001012E-14	2.849361E-14	1.150547E-14	1.320766E-14	6.738353E-15
3994.203	2.103592E-14	2.877475E-14	2.203854E-14	6.255052E-15	1.102103E-14	9.022349E-16
4002.325	2.780337E-14	2.930276E-15	6.705980E-15	1.287286E-14	6.065612E-15	8.465857E-15
4010.438	3.089891E-14	3.779735E-14	2.409114E-14	1.004537E-14	2.971340E-15	6.692251E-15
4018.546	4.195496E-14	2.292226E-14	1.419794E-14	1.175386E-14	6.303419E-15	1.441546E-14
4026.657	2.067717E-15	3.978043E-14	8.950036E-15	1.834446E-14	1.384123E-14	7.731907E-15
4034.665	3.332535E-14	5.942577E-14	1.807239E-14	1.223199E-14	2.342559E-14	1.745458E-14
4042.781	1.273683E-15	5.691268E-15	5.497794E-15	6.647033E-15	1.645762E-14	1.015735E-14
4050.891	4.921414E-14	1.775498E-15	1.762902E-14	8.973219E-15	1.499072E-14	1.096410E-14
4058.998	3.546562E-14	3.738421E-15	1.963124E-14	7.577609E-16	8.439660E-15	6.337680E-15
4067.111	1.022977E-14	1.393192E-14	1.545751E-14	1.645963E-14	5.864334E-15	5.338456E-15
4075.216	1.985494E-14	2.167276E-14	1.188032E-14	8.570159E-16	7.805086E-15	4.717108E-16
4083.325	1.100768E-14	3.011696E-14	2.112258E-14	3.327798E-15	1.044944E-15	6.008049E-15
4091.439	8.234602E-15	1.677352E-14	1.164755E-14	1.377522E-14	1.941031E-14	4.829214E-15
4099.447	2.995170E-14	1.216649E-14	1.782551E-14	1.178661E-14	2.369767E-15	7.088264E-15
4107.563	2.103995E-14	1.731161E-15	4.540519E-15	2.001718E-15	5.859042E-15	2.914910E-15
4115.670	1.921408E-14	3.848256E-14	7.163460E-15	2.405386E-14	3.382717E-15	4.855414E-15
4123.781	9.693693E-15	8.798893E-15	1.838981E-15	1.874602E-14	7.063193E-15	6.575491E-15
4131.894	2.189848E-14	1.127371E-14	3.388764E-15	3.444185E-15	5.701594E-15	6.600680E-15
4140.006	1.007660E-14	4.697713E-15	7.914165E-15	8.489538E-16	8.578718E-15	1.159188E-15
4148.116	1.609839E-14	9.782369E-15	4.383309E-16	1.925135E-15	4.102185E-15	3.538777E-15
4156.130	5.457087E-14	1.549782E-14	1.692567E-14	6.772991E-15	4.527922E-15	3.673553E-15
4164.256	3.751319E-14	1.071143E-14	2.638962E-14	8.570658E-15	1.228893E-14	8.925101E-15
4172.363	4.967364E-14	2.915162E-14	2.555024E-14	1.828904E-14	3.183200E-15	8.630359E-15
4180.469	1.020962E-14	1.363969E-14	2.237510E-14	6.177463E-15	1.756201E-14	5.189326E-15
4188.579	2.887552E-14	4.258373E-15	7.407315E-15	1.360342E-15	1.497913E-14	9.901655E-15
4196.696	2.962522E-15	9.586883E-15	1.136137E-14	7.196209E-15	6.438956E-16	6.077956E-15
4204.802	5.645318E-14	8.276923E-15	1.326079E-15	8.840207E-15	4.660423E-16	4.117426E-15
4212.810	3.106819E-14	1.119309E-14	1.332732E-14	1.839383E-14	1.057792E-14	2.328453E-15
4220.924	2.902062E-15	7.090101E-14	1.654075E-14	8.669408E-15	1.379739E-15	8.815899E-15
4229.032	6.602192E-14	7.297478E-15	2.227837E-14	5.483185E-15	3.307645E-15	1.122546E-14
4237.145	2.916170E-14	4.568331E-14	7.985711E-15	7.988229E-15	2.147324E-15	1.121010E-14
4245.256	6.142697E-15	1.371426E-14	8.753545E-15	1.824974E-14	1.785827E-15	1.275055E-14
4253.359	5.167284E-14	4.075987E-14	6.048985E-15	3.209901E-15	1.589836E-15	5.947211E-15
4261.468	1.975418E-14	1.167072E-14	2.869314E-14	7.963541E-15	1.461939E-14	6.610002E-15
4269.492	4.095536E-14	7.484902E-15	1.266126E-14	3.955571E-15	5.398037E-15	7.893010E-15
4277.606	7.913359E-14	2.659015E-14	2.520965E-14	1.605304E-14	1.699823E-14	2.422290E-15
4285.717	3.681992E-14	3.314196E-14	9.814616E-15	1.223300E-15	1.055525E-15	5.021174E-15
4293.827	3.228544E-14	2.086462E-14	4.019558E-15	7.503545E-15	1.892286E-14	1.312856E-14
4301.938	2.804521E-14	2.734791E-14	2.078703E-14	3.081426E-15	1.724763E-14	5.189832E-15
4310.045	1.203550E-14	2.224511E-14	1.692868E-15	1.596840E-14	7.882425E-16	8.539039E-15
4318.156	1.887147E-14	3.233784E-14	5.373853E-15	2.698011E-15	7.104049E-17	1.032613E-14
4326.262	5.585261E-14	5.280141E-14	1.070136E-14	1.203600E-14	1.459017E-14	1.037892E-15
4334.273	1.442969E-15	6.626175E-14	4.008876E-14	9.669008E-15	7.114081E-15	1.346083E-14
4342.379	3.361153E-14	5.106823E-15	3.695091E-15	3.759582E-15	9.220148E-17	1.094635E-14
4350.492	1.598956E-14	4.688645E-14	2.108631E-14	1.933751E-14	1.302396E-16	4.751749E-15
4358.614	4.792433E-14	4.671514E-14	1.019349E-14	5.382420E-15	1.042476E-14	2.101098E-15
4366.726	5.440963E-14	7.519161E-15	1.941258E-14	1.766631E-14	9.693946E-15	1.143746E-14
4374.835	3.653778E-14	1.093715E-14	3.433502E-14	1.404880E-14	7.271784E-15	9.820787E-15
4382.949	5.361964E-14	2.815605E-14	1.481362E-14	1.049025E-14	4.771021E-15	1.111840E-14
4390.957	2.578805E-14	2.026808E-14	1.132812E-14	1.511793E-14	1.083229E-16	1.212934E-14
4399.065	2.582030E-14	9.756170E-15	1.149136E-14	1.779831E-14	4.556390E-15	1.554279E-14
4407.185	4.028627E-14	1.883116E-14	3.275904E-15	7.997799E-15	1.196648E-14	7.398623E-15
4415.293	3.562685E-14	1.252522E-14	9.109247E-16	5.405092E-15	3.791574E-15	8.056243E-15
4423.405	6.146729E-15	3.107222E-14	1.797263E-14	1.642991E-14	1.184203E-14	1.528823E-14
4431.515	5.925849E-14	8.095544E-15	6.230365E-15	9.995975E-16	1.360997E-14	9.611696E-15
4439.626	6.190662E-14	4.771273E-14	3.403575E-14	9.461936E-16	1.075703E-14	6.137786E-15
4447.732	2.978644E-15	2.004237E-14	1.700629E-14	2.158914E-15	4.914864E-15	9.063277E-15
4455.748	4.579616E-14	1.051393E-14	1.097846E-14	9.564210E-15	1.245468E-15	8.824084E-15
4463.852	2.871430E-14	6.049998E-15	1.281341E-14	1.278218E-14	1.669189E-15	1.330365E-15
4471.965	1.849258E-14	9.121344E-15	1.456070E-14	7.959009E-15	6.076194E-15	8.195427E-15
4480.079	3.213228E-14	1.952846E-14	1.170095E-14	1.351777E-15	1.082681E-14	4.630579E-15
4488.187	1.878281E-15	7.527224E-15	2.046961E-14	9.080030E-15	6.712024E-15	1.147134E-14
4496.305	1.702140E-14	1.012296E-14	1.878582E-14	2.505901E-14	3.040112E-15	8.524306E-15
4504.411	2.476024E-14	1.269249E-14	1.918888E-14	8.091011E-15	1.729272E-14	1.776003E-15
4512.418	3.885136E-14	2.275096E-14	1.012800E-14	1.800740E-14	7.680387E-15	8.274155E-15
4520.527	5.477643E-15	3.823057E-15	1.321144E-14	3.992352E-15	4.844580E-15	3.262049E-15
4528.641	1.783962E-14	1.393393E-14	1.102582E-14	2.281345E-15	1.071521E-14	1.180047E-14
4536.748	1.062881E-14	4.828708E-15	8.160036E-15	1.974813E-14	1.083386E-14	9.396562E-15
4544.861	6.573171E-14	2.731163E-14	5.769864E-15	4.695193E-15	5.616700E-15	1.352760E-14
4552.968	1.332127E-14	1.136643E-15	1.582028E-15	2.289406E-15	7.688700E-15	6.849446E-15
4561.071	2.772679E-14	5.993565E-15	5.807147E-15	7.254148E-15	4.825939E-15	2.641960E-15
4569.175	1.143090E-14	1.764011E-14	2.658208E-14	7.663764E-15	9.567986E-15	1.324154E-14
4577.284	2.621127E-14	7.561486E-15	3.998399E-15	8.347459E-15	2.655941E-15	9.631219E-15
4585.301	1.459899E-14	5.344632E-15	1.839989E-15	1.811219E-14	8.610967E-15	9.306880E-15
4593.406	4.257165E-14	1.771669E-14	1.699017E-14	3.582242E-16	2.630246E-15	1.822228E-15
4601.514	2.176551E-16	1.264412E-14	1.313889E-14	2.809862E-15	1.140470E-14	1.329444E-14
4609.626	5.618715E-15	3.099161E-14	2.941362E-15	3.969680E-15	5.927562E-15	7.572945E-15
4617.732	6.327706E-14	4.786387E-15	2.824271E-14	1.708388E-14	5.041326E-15	1.285926E-14
4625.847	3.654986E-14	8.784785E-15	1.618001E-14	7.256665E-15	5.046868E-15	7.249237E-15
4633.955	4.244670E-14	2.326487E-14	1.253026E-14	1.559657E-14	1.465466E-14	7.504050E-15
4642.062	2.636444E-14	1.563486E-14	2.106414E-14	1.076030E-14	4.712576E-15	5.104305E-15
4650.171	1.411934E-14	1.849057E-14	2.923122E-14	7.099978E-15	6.390581E-15	1.179592E-14
4658.273	3.353092E-14	1.520560E-14	6.932705E-15	1.514211E-14	1.027058E-14	3.765502E-15
4666.280	1.033054E-14	4.287797E-14	2.994667E-14	6.680791E-16	2.306435E-14	8.513218E-15
4674.387	2.316813E-14	1.872637E-14	1.912036E-14	4.019558E-15	1.742573E-14	5.411011E-15
4682.500	1.247484E-14	3.486103E-14	2.906798E-14	1.093715E-14	1.589610E-14	6.472580E-15
4690.607	4.168893E-14	1.075375E-14	1.224310E-15	3.884028E-15	8.400111E-15	6.124940E-15
4698.717	2.075378E-14	2.377071E-14	5.532057E-16	2.978140E-15	6.261855E-15	4.362414E-15
4706.834	3.374051E-14	2.368204E-14	7.737826E-15	8.308664E-15	1.268846E-14	6.711029E-16
4714.950	6.586072E-15	9.725940E-15	5.965347E-16	9.148550E-15	3.458795E-15	8.617388E-15
4722.958	1.286581E-14	1.155182E-14	1.870621E-14	4.839291E-15	1.449521E-15	1.274691E-14
4731.068	4.039913E-14	3.288198E-14	8.851288E-15	1.578752E-14	1.205187E-14	1.172703E-14
4739.176	1.810564E-14	1.982875E-14	9.443796E-15	2.897024E-15	5.777926E-15	7.570427E-15
4747.286	5.424035E-14	3.105610E-15	7.402275E-15	1.287286E-15	8.785540E-15	9.678832E-15
4755.400	6.408707E-16	3.931085E-14	5.342617E-15	9.525416E-15	6.179228E-15	1.000103E-14
4763.524	8.702160E-15	2.567922E-14	2.481767E-14	1.437277E-14	8.652529E-15	8.065067E-15
4771.635	4.322461E-14	5.090703E-15	4.886145E-15	1.021969E-14	1.028822E-14	1.019060E-14
4779.646	2.793236E-15	1.393998E-14	1.611451E-14	1.787791E-14	2.738569E-15	9.323760E-15
4787.757	1.284566E-14	2.361150E-14	4.235198E-15	1.095831E-14	7.770322E-15	2.484640E-15
4795.862	2.896823E-14	1.761793E-14	8.897642E-15	1.794392E-14	1.071017E-14	9.071083E-15
4803.972	1.238213E-14	2.204560E-14	9.472101E-17	5.997092E-15	1.047968E-15	6.550424E-15
4812.083	4.357124E-15	4.016533E-15	4.850878E-15	1.167022E-14	1.145912E-14	1.633053E-14
4820.194	9.818646E-15	1.398028E-14	7.874867E-15	1.477331E-14	3.957838E-15	1.245746E-14
4828.300	5.040722E-14	7.083855E-15	3.373144E-14	6.015734E-15	5.877684E-15	6.151640E-15
4836.408	6.431696E-14	4.915771E-14	6.168897E-15	2.060011E-14	6.837226E-15	8.256139E-15
4844.514	2.499002E-16	4.975626E-14	1.678662E-14	6.280247E-15	7.619171E-15	8.002095E-16
4852.525	6.232985E-14	7.767048E-15	3.872441E-15	8.663363E-15	1.272851E-14	7.685680E-15
4860.632	9.246293E-15	1.441358E-14	8.210417E-15	2.666975E-14	8.565872E-15	6.572212E-15
4868.750	8.162052E-15	8.111669E-15	1.826586E-14	3.504139E-15	1.432415E-14	1.045310E-14
4876.857	3.592109E-14	1.654579E-14	1.609536E-14	1.782551E-15	1.052350E-14	1.258757E-14
4884.971	2.643295E-14	2.098352E-14	1.278318E-14	1.728894E-14	4.205473E-15	6.827655E-15
4893.077	5.711017E-14	1.013102E-14	2.557845E-14	2.715645E-15	1.073536E-14	4.498576E-15
4901.183	1.631604E-14	2.910930E-14	1.593615E-14	1.234737E-14	1.716449E-14	9.600614E-15
4909.294	4.490136E-14	1.013102E-14	2.706576E-15	8.839702E-15	2.193423E-15	4.878714E-15
4917.299	2.394202E-15	3.227940E-14	5.935130E-16	2.146871E-14	1.830414E-15	7.454798E-15
4925.409	3.919799E-14	1.091498E-14	2.207079E-14	1.657199E-14	2.136996E-15	9.756801E-15
4933.517	2.455467E-14	3.352487E-14	6.628393E-15	3.764620E-15	6.798687E-15	1.127724E-14
4941.637	5.877080E-14	9.673541E-15	9.330940E-16	1.646668E-14	6.836474E-15	9.674672E-15
4949.748	3.317622E-14	1.413143E-14	1.023178E-14	1.884023E-14	8.816019E-15	6.277726E-15
4957.854	3.972198E-14	5.376876E-15	8.442180E-15	9.628700E-15	1.978970E-14	3.656045E-15
4965.959	1.133417E-14	4.097753E-14	4.897230E-15	1.750811E-14	3.717008E-15	3.354756E-15
4974.066	9.056854E-15	1.493554E-14	9.674549E-15	1.306331E-14	1.588300E-14	1.438815E-15
4982.171	9.222109E-15	1.434707E-14	6.899454E-15	7.397239E-15	3.438894E-15	8.511705E-15
4990.278	1.827090E-14	2.343616E-14	1.778118E-14	1.474812E-14	4.660430E-15	2.605180E-15
4998.291	2.830720E-14	1.310966E-14	6.449035E-16	9.302218E-15	2.400751E-15	1.080300E-14
5006.404	1.418383E-14	1.115078E-14	9.647341E-15	6.543245E-15	2.397981E-15	3.882013E-15
5014.529	4.802107E-14	8.750523E-15	1.182691E-14	5.976939E-15	1.534944E-14	9.458407E-15
5022.636	1.515521E-15	3.796865E-15	2.901156E-14	5.830830E-15	1.244234E-14	8.850534E-15
5030.747	1.575578E-14	3.850069E-14	1.391478E-14	2.256152E-15	3.354755E-15	1.028456E-14
5038.863	2.957282E-14	1.742044E-14	3.852288E-15	1.193071E-15	2.349890E-14	9.597966E-15
5046.874	2.429671E-14	4.893200E-14	1.856816E-14	1.695338E-14	1.023103E-14	1.554883E-14
5054.980	3.348254E-14	7.670311E-15	4.718875E-15	1.246678E-14	1.164024E-14	7.745132E-15
5063.087	8.867366E-17	1.045953E-15	1.436622E-14	1.207279E-14	4.278779E-15	1.077189E-14
5071.199	2.215644E-14	2.438540E-15	2.558753E-14	2.632413E-14	1.348376E-14	1.400749E-14
5079.309	9.101191E-15	1.836965E-14	1.412741E-15	1.130696E-14	1.946095E-14	4.410656E-15
5087.418	1.033457E-14	1.021365E-14	9.450850E-15	1.221889E-14	5.839393E-15	4.998626E-15
5095.532	3.293033E-15	1.457682E-14	1.399036E-14	1.166670E-14	2.812884E-15	1.059668E-14
5103.555	1.413546E-14	1.974813E-14	9.330950E-16	5.286185E-15	1.579659E-14	9.536879E-15
5111.661	2.042730E-14	1.712620E-14	4.837779E-15	1.528923E-14	1.096486E-14	1.121564E-14
5119.772	2.676346E-14	1.890573E-14	6.376478E-15	1.167324E-14	2.332735E-15	1.621943E-14
5127.877	4.082638E-14	3.966758E-14	1.251512E-15	9.114287E-15	1.299026E-14	4.783492E-15
5135.989	2.927456E-14	2.851478E-14	1.139261E-14	1.640522E-14	2.411281E-14	5.278883E-15
5144.106	3.753334E-14	1.876264E-14	1.151756E-15	1.407047E-14	2.566763E-15	6.274956E-15
5152.211	2.906093E-15	2.159216E-14	2.359235E-14	1.415964E-14	7.552413E-16	8.720046E-15
5160.326	2.010081E-14	1.920400E-14	1.135632E-15	1.014462E-14	1.184405E-14	6.617685E-15
5168.338	7.323677E-15	8.875475E-15	1.798070E-14	8.248712E-15	8.389531E-15	7.253011E-15
5176.446	1.442164E-14	4.594932E-16	1.019954E-14	1.640925E-14	1.773255E-14	1.154665E-14
5184.558	2.376467E-14	4.917384E-15	3.427961E-14	1.682796E-16	2.528219E-15	8.715005E-15
5192.673	1.772676E-14	3.077394E-15	2.816410E-15	1.142032E-14	2.464738E-15	9.739923E-15
5200.791	4.812589E-15	4.743259E-14	1.017737E-15	6.973514E-15	1.105253E-14	6.695780E-15
5208.900	3.739227E-14	3.756760E-14	1.089279E-15	7.744879E-15	8.484248E-15	4.648338E-15
5217.005	2.663852E-14	2.310365E-14	6.383533E-15	1.085956E-14	1.368655E-14	1.115228E-15
5225.014	8.319244E-15	1.785575E-14	1.321345E-14	1.248290E-14	2.651153E-15	4.327776E-15
5233.122	4.899649E-14	1.023178E-14	7.332746E-15	1.591902E-14	8.333606E-15	1.545122E-15
5241.229	3.059257E-14	1.392386E-14	3.000007E-14	6.448021E-15	4.109995E-15	1.133971E-14
5249.340	1.486501E-14	4.406500E-14	2.238114E-14	1.501817E-14	2.029680E-15	7.105144E-15
5257.450	2.406293E-14	4.074979E-15	3.263107E-14	2.289405E-15	1.293584E-14	7.221148E-16
5265.565	4.111255E-15	1.031038E-14	3.667886E-15	1.890674E-14	1.297615E-14	1.216374E-15
5273.684	1.393393E-14	2.168083E-14	1.565804E-14	2.556637E-14	4.162898E-15	3.745095E-15
5281.702	1.015722E-14	2.351275E-14	6.955880E-15	6.912546E-16	1.056154E-14	1.014437E-14
5289.811	4.768250E-14	6.296871E-14	1.257258E-14	4.035675E-16	6.748807E-15	5.202424E-15
5297.919	3.099564E-14	1.987913E-14	6.932705E-15	6.897444E-16	6.398392E-15	6.266516E-15
5306.035	2.892389E-14	2.955066E-14	1.059050E-15	1.541318E-14	1.291518E-14	8.393814E-15
5314.145	3.490536E-15	2.938338E-15	3.057244E-15	1.574822E-14	1.258795E-14	7.177691E-15
5322.262	2.873848E-15	3.526813E-15	2.765323E-14	4.032657E-15	8.077659E-15	1.019625E-15
5330.366	1.956071E-14	3.065303E-14	5.698322E-15	6.590104E-16	4.603500E-15	1.028141E-14
5338.471	1.814595E-14	2.027615E-14	5.029235E-15	5.539612E-15	7.477596E-15	1.384387E-14
5346.491	3.386948E-14	2.882514E-14	1.109636E-14	1.092254E-14	8.289014E-15	9.399586E-15
5354.598	2.470785E-15	2.345834E-14	1.868807E-14	8.289519E-15	8.791838E-15	2.518427E-18
5362.701	2.107220E-14	1.389161E-14	3.958092E-15	1.822657E-14	1.111777E-14	1.051582E-14
5370.815	6.670713E-15	2.318828E-14	5.195495E-15	1.686774E-14	6.041177E-15	8.293422E-15
5378.922	2.236604E-14	3.762403E-14	1.542225E-14	5.849973E-15	1.526101E-15	3.856570E-15
5387.028	4.160026E-14	5.659022E-14	3.027013E-14	2.342810E-16	1.647676E-14	1.430890E-14
5395.135	4.072963E-14	1.605606E-14	1.258770E-14	9.554638E-15	5.501574E-15	1.179038E-14
5403.244	2.906091E-15	5.757773E-15	1.154477E-14	8.597362E-15	8.155502E-15	8.374541E-15
5411.260	2.412743E-14	3.361153E-14	9.595950E-15	6.771477E-15	1.220428E-14	2.711237E-15
5419.370	1.955668E-14	1.587065E-14	4.803523E-15	1.290058E-14	9.489391E-15	8.100326E-16
5427.478	2.264012E-14	3.133220E-14	6.686837E-15	1.744865E-14	7.013319E-15	7.264098E-15
5435.588	4.272480E-15	7.966566E-15	3.283966E-14	9.304737E-15	5.054928E-15	1.025861E-14
5443.696	3.461919E-14	1.623946E-14	1.448109E-14	5.388465E-15	3.675441E-15	3.081299E-15
5451.802	1.516327E-14	3.542128E-14	1.012799E-14	6.261600E-15	2.757463E-15	1.080413E-14
5459.909	7.311585E-14	5.399046E-15	2.790112E-14	4.848863E-15	8.375928E-15	7.492964E-15
5468.025	2.774291E-14	9.951660E-15	1.445691E-14	6.962936E-15	7.570049E-15	1.443323E-14
5476.135	5.637660E-14	7.851693E-15	1.078499E-14	7.280852E-15	1.136792E-14	5.466937E-15
5484.142	1.691660E-14	3.033059E-15	6.446005E-15	3.564095E-15	2.166068E-14	9.718136E-15
5492.247	6.852089E-16	9.975838E-15	3.597342E-16	2.152211E-14	1.153772E-15	6.922503E-15
5500.351	9.584867E-15	7.093916E-16	4.724416E-14	4.650365E-16	9.614089E-15	7.612498E-15
5508.461	1.531644E-14	3.153978E-15	2.532251E-14	6.930187E-15	5.998099E-15	1.593666E-14
5516.571	8.835171E-15	1.457480E-14	8.106630E-15	1.408004E-14	2.959247E-15	8.888069E-15
5524.685	2.790011E-14	1.039704E-14	1.255545E-14	1.046254E-14	9.785391E-15	9.103334E-15
5532.794	5.406704E-14	2.108025E-15	1.078600E-14	5.568333E-15	2.824724E-15	1.011502E-14
5540.898	1.471587E-14	5.122947E-15	6.306951E-15	1.154074E-14	1.788614E-16	2.545603E-15
5549.012	3.748497E-16	3.090092E-14	1.331220E-14	7.014830E-15	1.659743E-14	7.177694E-15
5557.018	1.642084E-14	3.595736E-14	5.562285E-15	8.867433E-16	1.697656E-14	7.499135E-15
5565.132	2.893999E-15	3.798477E-14	8.497601E-15	1.190198E-14	2.027413E-15	7.498003E-15
5573.241	2.413145E-14	3.293640E-14	1.274691E-14	1.002370E-14	8.069595E-15	1.153166E-14
5581.351	1.151958E-14	2.408913E-14	7.417390E-15	2.846793E-14	3.559811E-15	1.369272E-14
5589.457	1.934708E-14	3.500612E-15	1.932895E-14	2.177555E-15	1.074872E-14	1.026517E-14
5597.571	2.765424E-14	3.609439E-15	8.064307E-15	1.930677E-15	6.139425E-15	7.557704E-15
5605.690	3.684006E-15	4.927058E-14	2.059558E-14	2.967057E-15	1.062326E-15	1.211838E-15
5613.697	3.771472E-14	2.009477E-14	2.471187E-14	2.842610E-15	7.181848E-15	5.365669E-15
5621.802	1.721487E-14	3.777518E-14	9.782367E-15	5.331531E-15	7.229209E-15	4.995099E-15
5629.910	9.924247E-14	2.145108E-14	1.108124E-14	7.280350E-16	1.624400E-14	5.747318E-15
5638.016	2.249904E-14	2.856113E-14	2.382916E-14	1.553510E-14	1.034892E-14	6.556976E-15
5646.122	2.245068E-15	1.864575E-14	3.281043E-14	5.288706E-15	1.675311E-14	7.446487E-15
5654.227	4.953659E-14	2.279530E-14	1.161631E-14	1.019954E-14	8.816274E-15	1.808587E-14
5662.337	1.799279E-14	7.331738E-15	1.642688E-14	2.625459E-15	7.730522E-15	1.109069E-14
5670.444	2.448212E-14	3.668690E-14	1.994161E-15	3.636648E-15	4.499708E-15	6.861666E-15
5678.555	5.062084E-14	7.980685E-16	6.087279E-15	4.962743E-16	3.831881E-15	8.944498E-15
5686.575	1.393796E-14	2.544545E-14	2.043737E-14	1.945742E-14	3.677961E-15	7.348993E-15
5694.689	5.804528E-14	1.120720E-14	8.711228E-15	6.083750E-15	8.553273E-15	1.292224E-14
5702.803	2.809358E-15	4.635245E-16	5.484698E-15	1.973503E-15	5.996083E-15	5.569214E-15
5710.911	8.307154E-15	1.711612E-14	1.386944E-14	7.133230E-15	9.720901E-15	5.739132E-15
5719.015	1.187427E-14	2.817822E-14	2.510081E-15	2.430477E-15	2.017589E-15	3.266962E-15
5727.119	4.800092E-14	5.124760E-14	2.019755E-14	2.108429E-14	6.453057E-15	1.790110E-15
5735.229	3.553011E-14	2.546157E-14	4.977844E-16	7.895020E-15	1.299381E-15	1.940590E-14
5743.339	4.455472E-14	1.964737E-14	1.321045E-15	8.565116E-15	4.438997E-15	2.076786E-15
5751.450	1.182591E-14	1.658206E-14	2.820946E-14	1.627220E-14	6.917087E-15	6.311860E-15
5759.458	1.575982E-15	6.938753E-15	3.654783E-15	1.659416E-14	6.314757E-15	4.585738E-15
5767.567	4.442977E-14	3.237613E-14	1.108830E-14	1.818374E-14	1.659113E-15	8.604162E-15
5775.676	7.327305E-14	5.054224E-14	7.436536E-15	6.168395E-15	2.855208E-15	5.475880E-15
5783.779	3.571149E-15	3.893601E-14	2.837975E-14	2.145461E-14	5.911189E-15	1.145483E-14
5791.884	2.754944E-14	9.701755E-15	1.135634E-15	3.038095E-16	1.075174E-15	1.033041E-14
5799.991	3.798074E-14	3.646522E-14	1.407904E-14	1.947455E-14	1.044214E-14	3.870930E-15
5808.099	3.476026E-14	3.213430E-14	1.469270E-14	2.018445E-14	1.076257E-14	8.866149E-16
5816.206	3.264418E-14	8.387768E-15	1.135533E-14	7.666785E-15	6.262612E-15	8.275160E-15
5824.316	3.186223E-14	1.032046E-14	1.641681E-14	8.628598E-15	4.055078E-15	9.582476E-15
5832.423	2.330517E-14	6.350279E-15	2.438740E-14	1.975014E-15	5.054172E-15	1.996125E-14
5840.435	1.887147E-14	7.412352E-15	7.152375E-15	1.763406E-15	8.398347E-15	6.600306E-15
5848.543	3.433705E-14	1.374450E-15	1.069632E-14	1.585554E-14	3.296058E-15	3.347072E-15
5856.649	2.181787E-14	1.532450E-14	1.905486E-14	6.897446E-16	1.047967E-14	6.197869E-15
5864.761	1.768645E-14	3.635438E-14	6.876275E-15	7.091410E-15	3.885791E-15	4.162142E-15
5872.866	4.753336E-14	2.738419E-14	1.101675E-14	1.144753E-14	8.154493E-16	9.921047E-15
5880.975	4.130602E-14	1.666671E-15	2.447607E-15	1.832028E-14	7.264225E-15	8.274905E-15
5889.084	4.479253E-14	2.737209E-14	1.246476E-14	1.674480E-14	1.527840E-14	6.260595E-15
5897.191	1.835554E-14	4.988524E-14	2.696701E-14	3.210912E-15	9.926967E-15	1.148720E-14
5905.298	3.660629E-14	2.860346E-14	9.720902E-15	1.706372E-14	1.897424E-15	1.276932E-14
5913.409	2.540514E-14	6.973004E-16	3.954059E-15	1.500306E-14	1.877952E-14	9.979746E-15
5921.422	2.972599E-14	3.544951E-15	7.107031E-15	1.888910E-14	4.065900E-16	1.150685E-14
5929.534	2.085052E-14	1.265219E-14	1.364372E-14	6.630913E-15	1.099962E-14	5.508504E-15
5937.643	1.473200E-14	2.721490E-14	1.502019E-14	4.176752E-15	9.847364E-15	5.485581E-15
5945.752	1.341801E-14	1.565904E-15	1.915260E-14	7.708099E-15	8.577964E-15	3.608055E-15
5953.861	6.266037E-14	2.389365E-14	1.798070E-14	1.649389E-14	2.066964E-15	2.456550E-15
5961.970	5.556643E-14	1.653168E-14	3.491242E-14	1.913547E-15	7.616908E-15	1.185475E-14
5969.994	1.219269E-14	1.043937E-14	7.898044E-15	1.683802E-15	7.087379E-15	7.496366E-15
5978.106	7.851691E-15	2.853292E-14	1.003025E-14	5.713435E-15	1.134399E-14	5.996460E-15
5986.212	1.268040E-14	5.872646E-15	8.639680E-15	2.454259E-14	9.182561E-15	9.338999E-15
5994.325	4.812184E-14	7.758989E-16	6.793646E-15	5.333547E-15	7.977147E-15	7.364740E-15
6002.439	4.106822E-14	8.351492E-15	2.750913E-15	8.361065E-15	2.236505E-15	1.145080E-14
6010.547	3.147528E-14	1.735393E-14	1.640874E-14	1.432893E-15	1.104723E-14	4.810824E-15
6018.656	1.796860E-14	1.621326E-14	1.400951E-14	1.227028E-14	1.843943E-14	7.772968E-15
6026.763	9.810584E-15	2.251115E-15	4.534069E-14	1.389010E-14	3.273386E-15	5.377506E-15
6034.868	3.710206E-14	1.653370E-14	4.003435E-15	4.629193E-15	2.621683E-15	1.224305E-16
6042.876	8.553025E-15	1.235996E-14	9.199931E-16	1.117042E-14	6.113728E-15	1.172690E-14
6050.990	9.862980E-15	1.568121E-14	1.459092E-15	1.165410E-14	8.809467E-16	8.791966E-15
6059.101	1.802503E-14	2.851075E-14	9.003448E-15	1.214432E-14	1.268922E-14	1.163570E-14
6067.210	2.614678E-14	3.543338E-14	1.102381E-14	8.832146E-15	1.584143E-14	6.178597E-15
6075.314	3.475623E-14	1.319230E-14	9.907320E-15	3.803906E-16	1.252220E-14	9.739797E-15
6083.426	5.122948E-15	1.101978E-14	5.568335E-15	5.050396E-15	7.151868E-15	1.095995E-14
6091.535	3.325280E-14	1.283961E-14	3.305126E-16	1.210150E-14	2.175539E-15	5.237568E-15
6099.650	3.580419E-14	4.116898E-14	4.280542E-15	3.938945E-15	1.304013E-14	7.388543E-15
6107.667	1.105605E-14	1.520560E-14	2.283057E-14	6.908017E-15	8.688551E-16	6.599926E-15
6115.778	5.169702E-14	4.441769E-15	2.288398E-15	1.040107E-14	3.418740E-15	1.099408E-14
6123.884	9.455887E-15	1.421406E-14	4.387355E-15	7.607990E-17	7.237775E-15	1.047160E-14
6131.993	3.688038E-15	1.091901E-14	1.294340E-14	1.090389E-14	5.567577E-15	1.058623E-14
6140.101	5.009685E-14	2.329107E-14	7.281356E-15	1.943776E-15	5.626273E-15	6.738982E-15
6148.209	3.316815E-14	9.492164E-16	1.504639E-14	4.171711E-16	9.039474E-15	8.945379E-15
6156.327	1.435715E-14	5.511906E-15	2.997790E-14	1.726727E-14	8.196059E-15	3.889443E-15
6164.339	2.222093E-14	4.941568E-15	1.665865E-14	1.179970E-15	8.294054E-15	9.404749E-15
6172.460	3.884330E-14	4.085056E-15	1.840492E-14	2.118505E-14	7.663251E-16	4.060874E-16
6180.566	4.577197E-14	5.020770E-14	1.486602E-14	7.944396E-15	2.705567E-15	7.316875E-15
6188.678	4.214842E-14	3.467159E-14	5.162243E-15	1.903572E-14	2.007789E-14	1.958263E-15
6196.784	4.051602E-14	1.131200E-14	1.496275E-14	2.828002E-15	1.258240E-14	5.962706E-15
6204.894	8.149960E-15	4.496181E-15	2.901458E-14	4.907307E-16	1.436723E-14	2.071233E-14
6213.009	3.082232E-14	4.547975E-14	6.933712E-15	2.112560E-15	6.924642E-15	4.633601E-15
6221.114	2.318022E-14	2.680377E-15	4.363170E-15	4.519861E-15	7.064961E-15	7.591465E-15
6229.118	2.652163E-15	1.880698E-14	1.892386E-15	9.597967E-15	5.920257E-15	8.884294E-15
6237.233	3.241443E-14	7.450642E-15	2.433198E-14	1.383921E-14	6.100882E-15	3.880753E-15
6245.340	1.049176E-14	3.049584E-14	1.341902E-14	5.946205E-15	4.461165E-15	7.340684E-15
6253.451	1.374852E-14	1.651757E-14	4.888967E-14	2.976125E-15	4.660178E-15	1.035145E-14
6261.560	2.261191E-15	9.699742E-15	2.871631E-14	3.015425E-15	1.351752E-14	4.467967E-15
6269.667	2.097546E-14	3.020967E-15	3.389670E-14	1.690099E-14	9.114037E-15	6.208070E-15
6277.777	8.661852E-15	3.240234E-14	1.135029E-14	1.465492E-14	1.184506E-15	1.315866E-14
6285.889	1.260785E-14	2.541321E-15	2.763006E-14	3.493559E-15	1.246728E-15	1.259891E-14
6293.997	1.819432E-14	2.523585E-14	1.166266E-14	8.828619E-15	2.483381E-15	9.123734E-15
6302.005	4.403880E-14	5.415168E-15	1.949823E-15	1.718767E-14	1.253807E-14	4.571630E-15
6310.114	2.172515E-15	1.449419E-14	1.326182E-14	1.142234E-14	7.754703E-15	6.571207E-15
6318.225	1.204759E-14	1.421003E-14	6.539719E-15	1.051141E-14	4.340498E-15	6.278230E-15
6326.333	5.398643E-14	1.219068E-14	1.027612E-14	5.760290E-15	2.271771E-15	1.397663E-14
6334.440	8.061292E-16	3.162039E-14	2.019353E-15	8.563603E-15	6.555589E-15	6.937743E-15
6342.548	5.538505E-14	2.961716E-14	1.495973E-14	1.249902E-14	1.234158E-14	1.592809E-14
6350.661	1.163243E-14	2.534468E-14	1.354497E-14	1.299882E-15	1.328197E-14	9.738664E-15
6358.764	2.507462E-14	2.151154E-14	1.254739E-14	1.165360E-14	9.885904E-15	3.449980E-15
6366.865	2.035475E-14	4.189853E-15	4.820648E-15	1.171758E-14	2.194184E-15	1.057011E-14
6374.883	1.031441E-14	4.422017E-14	8.835169E-15	2.343314E-14	7.815919E-15	1.210666E-14
6382.996	6.533268E-14	6.021780E-15	2.488932E-16	4.157104E-15	7.646884E-15	3.318352E-15
6391.105	8.174144E-15	1.926647E-14	1.700528E-14	6.417288E-15	8.421776E-15	2.370522E-15
6399.219	1.153973E-14	4.025201E-14	1.339987E-14	5.291729E-15	3.419498E-15	8.147816E-15
6407.331	2.060062E-14	9.147543E-15	1.591600E-14	1.275144E-14	1.082077E-14	1.104497E-14
6415.438	4.318027E-14	2.120319E-14	6.272687E-15	1.931232E-14	5.692524E-15	1.003025E-14
6423.549	3.643700E-15	3.593317E-15	6.132622E-15	8.679485E-15	6.978805E-15	5.225978E-15
6431.654	4.480059E-14	3.434712E-14	6.128592E-15	2.976127E-15	5.743412E-15	7.528359E-15
6439.661	2.400650E-14	1.239221E-14	2.596237E-14	1.600770E-14	9.931504E-15	3.834904E-15
6447.772	2.748900E-15	1.253530E-14	2.072959E-14	8.908723E-15	1.065576E-14	1.210956E-15
6455.882	4.316818E-15	1.196093E-14	2.558451E-15	3.385734E-16	3.103603E-16	8.271254E-15
6463.993	6.042335E-14	3.198718E-14	1.706473E-14	5.708387E-16	4.232427E-15	1.257371E-14
6472.104	8.214450E-15	5.666881E-14	2.081824E-15	1.205163E-15	4.523640E-15	1.932554E-14
6480.214	1.192667E-14	9.000426E-15	1.171002E-14	1.182540E-14	1.080514E-14	7.761756E-15
6488.319	2.882313E-14	2.565504E-14	7.636049E-15	1.795651E-15	2.503534E-15	7.891617E-15
6496.433	4.014521E-15	1.229145E-14	3.214538E-14	6.590085E-16	1.032600E-14	6.383153E-15
6504.445	9.246296E-15	4.687234E-14	1.545147E-14	1.489675E-14	4.085811E-15	6.631540E-15
6512.554	5.266840E-14	7.466769E-15	2.473101E-14	1.410742E-16	1.214357E-14	6.606602E-15
6520.660	7.428877E-14	7.432503E-15	7.625976E-15	7.066221E-15	5.336571E-15	5.601081E-15
6528.772	3.164054E-14	6.529641E-15	6.330123E-15	4.780340E-15	1.033759E-14	3.206628E-15
6536.884	1.921004E-14	5.558257E-15	5.328509E-15	6.409728E-15	3.944740E-15	1.373089E-14
6544.999	3.309964E-14	6.886353E-15	2.108933E-14	6.769969E-15	1.331372E-14	9.955936E-15
6553.115	4.088683E-14	1.736602E-14	9.229164E-15	1.890925E-14	2.099209E-15	7.955607E-15
6561.125	8.109654E-15	4.064500E-14	1.535876E-14	7.318639E-15	3.644707E-15	6.326973E-15
6569.234	4.080622E-14	9.163666E-15	2.398235E-16	1.655838E-14	6.955627E-15	4.409901E-15
6577.343	1.220479E-14	1.126363E-14	3.049178E-15	3.511698E-15	9.999267E-15	6.102394E-15
6585.454	1.933096E-14	2.876065E-14	1.284868E-14	6.474724E-15	1.356916E-14	1.124046E-15
6593.566	1.161631E-14	2.462521E-14	2.431182E-14	1.167374E-15	4.161386E-15	1.564381E-14
6601.676	5.050395E-15	1.007862E-14	9.189864E-15	1.373845E-14	1.438561E-14	6.089293E-15
6609.783	5.747695E-15	7.857737E-15	1.803208E-14	4.508272E-15	1.349862E-14	1.067390E-14
6617.892	1.401857E-14	2.601981E-14	6.741250E-15	5.285180E-15	8.933917E-15	1.207556E-15
6625.998	5.725931E-14	1.629992E-14	1.110744E-14	1.037286E-14	1.259022E-14	3.053086E-15
6634.005	3.534067E-14	4.538507E-15	4.425644E-15	1.351978E-14	1.037388E-15	1.128189E-14
6642.118	3.683604E-14	2.836161E-14	3.624554E-15	1.142637E-14	3.864384E-16	9.266445E-15
6650.230	3.235800E-14	7.519163E-15	2.178361E-14	1.681685E-14	1.413974E-14	9.190365E-15
6658.355	2.777516E-14	3.674939E-14	2.015926E-14	4.539510E-15	4.599717E-15	8.862249E-15
6666.461	2.666673E-14	3.480661E-14	3.578504E-14	1.040964E-14	2.813894E-16	8.969688E-15
6674.574	3.620726E-14	1.831524E-14	1.972898E-14	9.218581E-15	9.082548E-15	8.452508E-15
6682.682	3.309157E-15	1.880293E-15	3.416574E-14	1.722546E-14	6.985104E-15	1.947935E-15
6690.691	2.531242E-15	2.735799E-14	1.563083E-14	1.646315E-14	1.285472E-14	1.198863E-15
6698.802	2.895210E-14	3.054220E-14	2.837874E-14	1.100668E-14	6.691623E-15	9.351470E-15
6706.910	2.340594E-14	6.604207E-15	1.581020E-15	2.444586E-15	1.659365E-15	1.097973E-14
6715.016	1.088274E-15	7.720693E-15	3.993358E-15	6.273191E-15	1.083336E-14	1.271201E-14
6723.130	4.336165E-14	1.536078E-14	1.096738E-14	5.907410E-15	5.400810E-15	6.097985E-15
6731.235	3.950036E-16	1.902665E-14	1.966046E-14	1.073662E-15	1.388330E-14	4.392013E-15
6739.341	4.345033E-14	2.579615E-16	1.358327E-14	5.007566E-15	1.742648E-14	4.953031E-15
6747.447	1.406694E-14	1.646114E-14	4.898237E-15	4.274998E-15	5.472606E-15	5.418442E-15
6755.557	3.356316E-14	2.517539E-14	1.789101E-14	7.533773E-15	1.016704E-14	4.305986E-15
6763.658	6.098361E-15	7.767046E-15	6.298886E-15	3.363572E-15	4.826190E-15	6.898574E-15
6771.662	6.803321E-14	8.744478E-15	5.019159E-15	1.407551E-14	1.030233E-14	8.722938E-15
6779.768	5.688042E-14	1.385735E-14	1.684909E-14	3.914762E-15	1.375710E-15	1.082290E-14
6787.881	1.751717E-14	5.155191E-15	1.206875E-14	5.894725E-17	4.896474E-15	8.810102E-15
6795.990	1.336158E-14	2.516934E-14	2.125862E-14	3.799384E-15	1.766303E-14	1.025231E-14
6804.097	1.316408E-14	1.672717E-15	1.149035E-14	8.490551E-15	8.841716E-15	9.892833E-15
6812.212	2.182190E-14	1.515925E-14	8.924849E-15	7.339797E-15	6.990393E-15	1.062528E-14
6820.321	1.460302E-14	1.934507E-14	5.693282E-15	2.273836E-14	1.163772E-14	4.431567E-15
6828.424	9.222109E-15	4.686024E-14	2.237013E-16	1.310311E-14	8.384995E-15	7.472811E-15
6836.533	3.225320E-14	3.474414E-15	1.216145E-14	6.870732E-15	1.452165E-14	1.282538E-14
6844.542	2.021367E-14	2.191863E-14	8.663865E-15	2.042528E-15	9.662961E-15	7.607459E-15
6852.654	5.639674E-14	1.392587E-14	7.960518E-15	4.434713E-15	9.479563E-16	5.597176E-15
6860.763	1.289805E-15	3.318226E-14	2.261191E-15	1.356865E-14	1.047161E-14	3.240257E-15
6868.874	3.365589E-15	2.218264E-14	3.147831E-14	1.351172E-14	1.283835E-14	5.600705E-15
6876.984	1.713023E-15	7.859752E-15	1.716247E-14	1.301041E-14	8.791834E-16	7.158548E-15
6885.090	9.043954E-14	1.830315E-14	1.383517E-15	3.053564E-14	5.485452E-15	2.211309E-15
6893.218	3.758977E-14	8.990344E-15	3.574273E-14	2.191612E-14	1.717558E-15	5.309119E-16
6901.231	7.476844E-15	1.276706E-14	2.137247E-15	1.144702E-15	3.244669E-15	3.597099E-15
6909.346	4.264419E-15	1.620318E-14	8.262867E-17	7.003241E-16	1.011137E-14	2.194812E-15
6917.457	4.758576E-14	9.169721E-16	2.092810E-14	1.674227E-15	7.099974E-15	4.807423E-15
6925.566	3.105610E-14	1.211007E-14	2.124249E-14	5.896829E-15	9.109504E-15	9.843458E-15
6933.675	1.413143E-14	6.106425E-16	8.513725E-15	7.193689E-15	8.614741E-15	1.064114E-14
6941.792	1.057237E-14	1.281543E-14	4.362666E-14	1.444884E-14	1.373441E-15	9.777710E-15
6949.907	2.737613E-14	4.505250E-14	2.207079E-14	1.021516E-14	1.377144E-14	6.023040E-15
6957.912	3.572761E-14	2.595129E-14	6.667689E-15	9.566729E-15	1.071143E-15	1.132648E-14
6966.023	5.033063E-14	1.513708E-14	2.753935E-15	2.100975E-15	8.250727E-15	5.449177E-15
6974.132	2.340191E-14	5.547978E-14	5.760795E-15	5.733086E-15	1.048421E-14	1.092908E-14
6982.240	1.870218E-14	2.124551E-14	5.293240E-15	1.980960E-14	5.886249E-15	9.559802E-15
6990.352	5.538103E-15	1.336360E-14	3.635639E-15	2.032401E-14	9.123610E-15	8.373908E-15
6998.458	1.777514E-15	2.250308E-14	2.917179E-15	9.260402E-15	7.289669E-15	7.588940E-15
7006.569	4.991144E-14	1.924229E-14	6.413757E-15	1.550387E-14	4.176249E-15	8.328946E-15
7014.678	1.847646E-14	2.587671E-15	3.456880E-14	6.736717E-15	9.205735E-15	1.273734E-14
7022.687	1.017334E-14	7.519163E-15	6.091309E-15	8.242654E-16	9.313285E-16	1.356878E-14
7030.794	1.253530E-14	1.103187E-14	1.254739E-14	1.893848E-14	6.186280E-15	8.302498E-15
7038.900	2.176144E-14	2.069533E-14	1.007257E-14	8.626584E-15	2.036028E-14	3.960233E-15
7047.007	9.262415E-15	2.080618E-14	7.514124E-15	1.959144E-14	1.049100E-14	6.210969E-15
7055.016	5.106825E-15	7.390185E-15	3.586567E-14	1.593666E-14	4.801504E-15	1.218641E-14
7063.219	3.345836E-14	5.447414E-15	2.589788E-14	1.202138E-15	1.567668E-15	5.898092E-15
7071.333	1.572757E-14	3.845031E-14	2.337369E-14	1.894150E-14	7.243315E-15	1.475291E-14
7079.448	1.993556E-14	6.328113E-15	4.431691E-15	2.983178E-15	5.965603E-15	8.416361E-15
7087.454	4.276915E-14	3.213430E-14	2.002423E-14	3.153625E-14	9.174772E-16	6.175952E-15
7095.662	1.950831E-15	3.862362E-14	6.149751E-15	2.320642E-15	4.985903E-15	9.326528E-15
7103.771	1.176545E-14	1.278117E-14	3.370625E-15	1.276454E-14	3.109389E-15	7.114208E-15
7111.677	6.174137E-14	2.355911E-14	3.236203E-14	1.094874E-14	3.877478E-15	1.282500E-14
7119.884	5.561480E-14	1.074569E-14	1.796155E-14	7.561486E-15	5.110853E-15	1.198763E-14
7127.989	4.687639E-15	7.787201E-15	6.891390E-15	6.991149E-15	1.121804E-14	8.682508E-15
7136.094	6.666686E-15	1.010885E-14	1.438637E-14	1.447504E-15	8.566123E-15	1.076320E-14
7144.200	1.378480E-15	3.224655E-17	1.858126E-15	1.173420E-15	1.180978E-14	7.984701E-15
7152.305	2.903674E-14	3.454059E-14	1.152058E-14	1.124297E-14	1.225038E-14	5.750970E-15
7160.411	5.840804E-14	1.963326E-14	4.242253E-15	1.875659E-14	1.517537E-15	1.062678E-14
7168.527	2.151155E-14	1.996781E-14	1.386440E-14	4.420607E-15	1.498795E-14	8.143659E-15
7176.642	1.008467E-14	2.166067E-14	4.457892E-15	2.478871E-16	1.023456E-14	9.900645E-15
7184.649	3.320846E-14	3.649142E-14	1.943072E-14	1.410728E-16	1.651682E-14	1.712645E-15
7192.755	6.569955E-16	4.378889E-14	1.535674E-14	6.718073E-15	1.161833E-14	2.426449E-15
7200.870	1.669089E-14	1.325074E-14	2.536282E-15	2.245874E-14	1.252296E-14	8.855578E-15
7208.979	4.764219E-15	2.787390E-14	1.083235E-14	2.198212E-15	1.337417E-14	3.155993E-15
7217.084	4.300695E-15	1.526404E-14	2.084044E-14	2.355759E-14	8.053722E-16	5.120174E-15
7225.189	1.594925E-14	9.754133E-16	6.732181E-15	1.539504E-14	9.368219E-15	9.557661E-15
7233.302	4.194287E-14	1.009677E-15	1.014714E-14	1.885182E-14	1.465693E-14	6.477875E-15
7241.405	8.625575E-15	1.933902E-14	3.367601E-15	1.126061E-14	1.403016E-14	8.596983E-15
7249.513	1.745268E-15	2.428463E-15	1.763426E-16	6.669202E-15	1.221536E-14	7.758109E-15
7257.537	4.131812E-14	2.730760E-14	6.447012E-15	1.410725E-14	2.877375E-15	5.624635E-15
7265.642	1.463929E-14	8.393813E-15	2.769052E-15	9.170213E-15	6.614283E-15	3.813366E-15
7273.748	6.940766E-15	8.534884E-15	1.439141E-14	2.432090E-14	1.527992E-14	1.095264E-14
7281.859	3.271269E-14	3.979251E-14	2.740736E-14	6.332644E-15	1.371250E-14	3.663854E-15
7289.965	7.039113E-14	1.002622E-14	1.922617E-15	1.316106E-14	3.333090E-15	1.216070E-14
7298.076	2.716651E-15	2.909519E-14	7.607832E-16	7.887966E-15	4.610300E-15	8.849276E-15
7306.185	3.025400E-14	2.968567E-15	9.137464E-15	1.449066E-14	1.319129E-14	1.008379E-14
7314.295	2.511493E-14	1.428056E-14	8.911751E-15	3.673024E-14	7.584663E-15	4.854657E-15
7322.302	2.122939E-14	7.845645E-15	1.014412E-14	8.346955E-15	9.810582E-15	8.630739E-15
7330.411	2.836363E-14	2.303714E-14	1.091800E-14	6.687340E-15	1.016881E-14	8.574182E-15
7338.521	1.086661E-14	1.768444E-14	2.216752E-14	1.494159E-14	7.252888E-15	3.601634E-15
7346.636	4.157205E-14	1.384728E-14	2.438548E-16	6.669199E-15	4.396171E-15	7.324308E-15
7354.747	1.109636E-14	2.652365E-14	1.219571E-14	6.408720E-16	1.411480E-14	4.692677E-15
7362.858	4.877884E-14	3.860952E-14	1.771568E-14	4.756159E-15	2.693226E-15	5.054803E-15
7370.964	3.301096E-15	2.779330E-14	1.833942E-15	1.003277E-14	1.224686E-14	7.573200E-15
7379.066	3.469980E-14	3.359138E-14	2.895008E-15	7.794247E-16	7.392450E-15	9.148294E-16
7387.175	6.241853E-14	1.312780E-14	4.332940E-15	5.189451E-15	1.375708E-15	6.925525E-15
7395.178	3.691263E-14	3.185820E-14	2.119715E-14	1.649440E-14	1.015217E-15	1.041795E-14
7403.289	4.736005E-15	7.146329E-15	2.472800E-15	4.658415E-15	4.493157E-15	7.152876E-15
7411.404	1.908107E-14	1.363365E-14	1.086260E-15	6.085767E-15	1.348250E-14	4.705902E-15
7419.516	1.254336E-14	2.575579E-15	7.583656E-15	1.700931E-14	8.269619E-15	3.865132E-15
7427.625	3.251117E-14	1.759174E-14	1.216045E-14	8.664873E-15	6.061331E-15	4.998247E-15
7435.739	4.723107E-14	1.939746E-14	2.686624E-14	1.232066E-14	2.548122E-15	1.634476E-14
7443.848	4.673530E-14	9.320860E-15	5.872646E-15	8.200847E-15	1.300384E-15	1.001677E-14
7451.957	1.290612E-14	2.942772E-14	1.329104E-14	5.550194E-15	1.171884E-14	5.290217E-15
7459.968	4.696101E-14	2.265221E-14	1.271667E-15	9.991458E-15	8.477700E-15	7.761129E-15
7468.076	1.136238E-14	2.772880E-14	7.779132E-16	2.596743E-15	2.034970E-15	1.337581E-14
7476.183	4.610652E-14	1.694885E-14	7.965555E-15	1.685111E-14	2.058550E-14	8.085468E-15
7484.290	3.372841E-14	1.070337E-14	1.436118E-14	7.573077E-15	1.486198E-14	8.009643E-15
7492.400	5.366398E-14	2.992752E-14	1.072353E-14	3.510186E-15	1.197504E-14	8.081691E-15
7500.513	4.384936E-14	4.746084E-15	7.486928E-16	1.213677E-14	2.906596E-15	1.125091E-14
7508.627	4.911338E-14	1.644099E-14	1.789000E-14	1.150295E-14	8.839956E-15	1.813789E-15
7516.740	9.189864E-15	3.080620E-14	5.681195E-15	1.540713E-14	4.443531E-15	6.467040E-15
7524.760	3.438138E-15	2.821853E-14	5.200335E-14	6.033871E-15	7.101488E-16	2.624956E-15
7532.867	3.950030E-14	1.055625E-14	1.062679E-14	1.361349E-15	3.347971E-16	1.052691E-14
7540.976	8.073376E-15	9.459918E-15	1.626062E-14	1.849863E-14	1.211510E-14	6.687590E-15
7549.094	1.299076E-14	4.218067E-15	1.632611E-14	1.159717E-14	6.668697E-15	9.921806E-15
7557.203	8.844035E-14	2.567318E-14	8.257780E-15	4.642796E-15	7.615899E-15	4.058480E-15
7565.313	4.744068E-15	9.268463E-15	9.826705E-15	3.377679E-15	1.055801E-14	1.289604E-14
7573.327	3.607425E-14	1.618504E-14	4.612062E-15	5.477643E-15	1.810287E-14	1.011376E-14
7581.436	9.222110E-15	6.068132E-15	7.950443E-15	2.291118E-14	4.520114E-15	6.912428E-15
7589.553	1.640470E-15	1.026000E-14	2.548777E-14	2.154881E-15	1.430424E-14	7.069495E-15
7597.661	3.141483E-14	3.919195E-14	7.816422E-15	6.615279E-16	1.968415E-14	1.475946E-14
7605.768	1.602181E-14	2.967157E-14	3.663853E-15	1.384375E-14	9.212036E-15	7.540702E-15
7613.874	1.792427E-14	2.223907E-14	1.135533E-14	2.706224E-14	1.749550E-14	2.103489E-16
7621.982	3.688441E-14	1.206371E-14	3.450633E-14	6.404692E-15	2.585178E-14	8.836553E-15
7630.092	1.032006E-13	1.130594E-15	5.461521E-15	1.733428E-14	3.303365E-15	6.451799E-15
7638.199	2.181787E-14	1.128782E-14	9.567736E-15	1.971690E-14	2.050841E-15	1.181986E-14
7646.302	3.316816E-14	2.438539E-14	1.686824E-14	9.464955E-15	1.021969E-14	5.859545E-15
7654.308	1.879489E-14	1.846236E-14	2.332633E-14	7.922730E-15	5.956785E-15	1.298888E-14
7662.411	3.807748E-14	8.831137E-15	9.961728E-15	1.149741E-14	8.982031E-15	5.341231E-15
7670.528	8.835169E-15	1.994160E-14	5.421204E-16	7.399251E-15	4.383187E-17	1.771844E-15
7678.643	3.896825E-14	3.514720E-14	1.271567E-14	5.571355E-15	1.837469E-15	1.455188E-14
7686.756	1.706171E-14	2.362158E-14	2.620925E-15	3.325351E-17	6.423988E-17	6.761658E-15
7694.871	3.111656E-14	1.837973E-14	5.729559E-15	1.008971E-14	2.568783E-15	1.089117E-14
7702.981	2.716250E-14	2.401860E-14	4.172722E-15	1.868354E-14	6.956384E-15	4.110118E-15
7711.001	2.834751E-14	1.521971E-14	1.127673E-14	8.552015E-15	3.435116E-15	8.363586E-15
7719.113	1.636844E-14	2.027413E-14	1.946196E-14	1.126111E-14	4.543037E-15	1.193284E-14
7727.223	4.804526E-15	1.359737E-14	8.779746E-15	5.560776E-15	4.492656E-15	8.576955E-15
7735.327	6.739234E-14	1.127774E-14	2.946399E-15	1.155132E-14	4.991951E-15	1.826385E-15
7743.432	2.548978E-14	1.851274E-14	2.108933E-14	2.255649E-15	5.687992E-15	7.961274E-15
7751.538	3.300693E-14	2.606213E-14	1.280636E-14	2.347043E-14	4.310519E-15	4.332815E-15
7759.650	5.965351E-15	2.395008E-14	1.816813E-15	8.887567E-15	1.369864E-14	3.821048E-15
7767.765	1.773483E-14	2.027414E-15	1.701133E-14	2.321701E-14	4.131912E-15	8.985436E-15
7775.774	2.030234E-14	1.143493E-14	1.934910E-14	9.441770E-16	1.000078E-14	5.789643E-15
7783.878	2.100771E-14	1.661834E-14	8.583253E-15	6.843526E-15	1.218312E-14	4.840296E-15
7791.988	5.241044E-14	3.158009E-14	2.095732E-14	1.590089E-15	8.658323E-15	1.063850E-14
7800.092	1.295852E-14	1.734385E-14	1.583236E-14	1.729347E-14	1.428107E-15	1.349635E-14
7808.206	3.834350E-14	3.033056E-15	2.592005E-14	5.875166E-15	4.066667E-15	7.431372E-15
7816.320	3.665466E-14	1.846034E-15	1.585856E-14	1.077088E-14	8.283982E-15	1.048547E-14
7824.429	1.698110E-14	2.310969E-14	1.588476E-14	1.899843E-14	1.215440E-14	1.188725E-14
7832.546	2.632009E-14	2.083843E-15	1.484486E-14	9.414067E-15	1.739224E-15	7.928022E-15
7840.555	1.307137E-14	4.379494E-14	1.294743E-14	2.664760E-15	7.933815E-15	1.803902E-14
7848.660	1.224912E-14	2.433702E-14	1.610241E-14	3.374907E-14	6.278482E-15	1.390269E-14
7856.767	3.546999E-16	1.148935E-14	1.098354E-16	7.163964E-15	1.451006E-14	6.119776E-15
7864.877	4.596545E-14	3.234590E-15	2.627978E-15	2.079660E-14	7.580378E-15	7.164970E-15
7872.983	1.384526E-14	8.366808E-14	2.390272E-14	2.351376E-14	5.979961E-15	7.361214E-15
7881.097	3.736405E-14	2.775903E-14	1.756151E-14	1.754287E-14	6.519062E-15	5.741020E-15
7889.204	2.981063E-14	2.039707E-14	1.567315E-14	9.541036E-15	7.315621E-16	5.119797E-15
7897.311	1.699722E-14	6.287802E-15	2.016530E-14	3.711768E-14	1.323310E-14	4.612314E-15
7905.418	1.072151E-14	3.175138E-14	1.740028E-14	7.960518E-15	4.007465E-15	8.177417E-15
7913.432	4.573570E-14	2.535878E-14	1.001413E-14	3.114678E-15	6.742254E-15	1.345894E-14
7921.544	5.082639E-15	2.838379E-14	5.090599E-14	1.029426E-14	2.110041E-15	8.487019E-15
7929.652	3.546966E-15	1.135835E-14	1.904468E-16	1.153620E-14	3.065052E-15	1.227457E-15
7937.763	3.351479E-14	1.424429E-14	7.419406E-15	6.080224E-15	9.583608E-15	7.050349E-15
7945.874	5.740844E-14	7.769062E-15	2.037187E-14	4.898239E-15	3.644206E-15	2.447228E-15
7953.984	3.389770E-14	2.191662E-14	3.517138E-14	1.174126E-14	6.512041E-16	8.213820E-15
7962.092	5.763817E-15	1.279124E-14	7.119122E-15	4.772281E-15	1.828199E-14	2.604048E-15
7970.207	2.073362E-14	4.663456E-15	1.023985E-14	1.410019E-14	3.592311E-16	6.911544E-15
7978.215	8.424043E-15	3.713431E-14	8.137868E-15	1.012195E-14	2.455416E-15	7.798917E-15
7986.320	3.423628E-14	1.711814E-14	1.921407E-14	3.179168E-16	1.101826E-14	7.246968E-15
7994.429	2.085454E-14	7.587684E-15	1.714333E-14	1.403067E-14	2.829512E-15	1.362495E-14
8002.549	2.891180E-14	3.420002E-15	3.222500E-15	8.736417E-15	7.244323E-15	7.213715E-15
8010.659	3.256759E-15	2.047969E-14	1.385130E-14	6.852090E-15	6.570704E-15	1.412917E-14
8018.766	2.725117E-14	3.996987E-14	1.607521E-14	5.850981E-15	1.044793E-14	7.314357E-15
8026.870	2.632816E-14	3.714238E-15	2.225318E-14	1.908005E-15	9.682361E-15	5.439098E-15
8034.975	1.204356E-14	1.991137E-14	1.395912E-14	3.096037E-15	6.836726E-15	1.727761E-15
8043.081	5.398642E-14	2.748293E-14	1.607521E-14	5.286187E-15	6.197131E-16	7.430112E-15
8051.089	2.652566E-14	5.306341E-15	2.326185E-14	7.862272E-15	4.994468E-15	6.778153E-15
8059.195	5.453459E-14	4.590297E-14	1.379689E-14	1.811975E-14	8.611719E-15	8.820683E-15
8067.305	2.946399E-15	1.835353E-14	4.234191E-15	1.993808E-14	1.240708E-14	8.812371E-15
8075.411	3.964943E-14	1.627573E-14	5.992557E-15	1.949420E-14	7.569043E-15	1.121136E-14
8083.518	1.043936E-14	6.469183E-16	1.189140E-14	1.107772E-14	1.591853E-15	4.561806E-15
8091.634	1.560665E-14	7.368014E-15	1.278016E-14	4.877078E-15	1.309731E-14	9.261032E-15
